541 542
1 2
540 540
539 540
2 2
1 2
1 2
546 546
1 1
2 2
2 3
534 534
540 540
2 2
543 543
1 1
2 2
537 538
2 2
543 543
538 538
541 542
2 2
1 3
1 2
541 541
2 2
2 2
1 2
2 2
2 2
538 538
1 2
1 2
1 2
1 2
1 1
2 2
527 528
1 1
1 2
1 1
529 531
2 2
1 2
523 523
1 2
525 525
522 523
538 538
2 2
1 3
2 2
2 2
2 2
1 2
2 2
1 2
2 2
1 2
1 2
1 1
2 2
549 550
1 2
545 546
2 2
540 542
536 537
546 547
1 2
552 553
1 2
1 2
544 545
1 2
1 2
2 3
541 542
544 545
536 537
535 536
527 527
1 2
1 2
1 1
1 2
1 2
1 2
1 1
2 2
1 1
4 5
537 538
2 2
535 536
2 3
539 539
1 2
2 2
546 547
2 2
2 2
2 2
545 547
2 2
531 531
1 1
529 530
540 541
1 3
544 545
1 1
542 542
1 2
1 2
541 541
1 2
1 2
543 545
1 2
1 2
2 2
537 537
539 539
1 2
1 1
2 2
2 3
1 2
534 534
1 1
2 2
1 2
2 2
541 542
1 2
2 2
537 537
1 1
543 544
1 1
1 2
1 2
2 2
1 2
2 2
1 2
532 533
1 1
1 2
530 531
533 533
1 2
538 538
539 541
1 2
542 544
1 2
1 2
543 543
539 539
538 540
2 2
1 3
1 2
1 1
1 2
2 3
4 5
4 5
530 531
1 2
4 6
1 2
1 2
1 2
1 3
1 2
2 2
1 2
2 2
1 1
2 2
1 1
1 1
2 2
1 2
2 2
540 540
537 537
535 535
1 2
1 2
543 544
541 542
1 1
537 537
538 539
1 2
2 2
1 1
1 2
2 2
527 528
2 2
1 1
2 2
1 2
2 2
2 2
2 2
2 2
543 544
2 2
2 2
1 2
540 541
2 2
2 2
2 2
1 2
2 2
540 541
529 529
2 2
2 2
2 2
527 527
537 538
539 539
1 2
538 539
542 543
2 2
536 536
540 540
535 535
523 523
2 2
2 2
546 546
535 535
1 1
535 536
2 2
532 532
537 537
534 535
1 2
2 2
2 2
2 2
2 2
2 2
535 535
2 2
524 524
528 529
1 1
1 1
2 2
1 1
526 526
2 2
526 527
1 2
2 2
538 538
1 2
1 1
547 547
2 2
2 2
1 2
1 1
545 545
547 547
1 1
2 2
1 1
2 2
2 2
1 2
531 532
1 1
2 2
2 2
2 2
1 2
2 2
2 2
5 5
2 3
2 2
1 2
2 2
2 2
2 2
544 545
2 2
2 2
543 543
1 1
2 2
2 2
2 2
5 5
2 2
544 544
1 2
544 545
527 527
528 529
527 528
528 529
1 2
2 2
535 536
536 537
540 540
1 1
540 540
1 2
1 2
1 1
2 2
1 2
532 532
1 2
536 538
544 544
542 542
543 544
2 2
1 2
1 2
1 2
536 537
540 540
539 539
538 538
1 1
2 2
541 542
1 2
530 531
527 528
1 2
526 526
2 2
2 2
1 1
536 537
1 2
539 539
1 1
2 2
537 539
2 2
531 532
2 2
5 5
528 529
1 1
5 5
2 2
534 534
1 1
2 2
535 536
535 535
535 536
1 2
2 2
540 540
2 2
541 541
530 531
532 533
2 2
534 535
1 2
530 531
1 2
2 2
537 537
1 2
544 545
1 2
2 2
540 541
533 533
1 2
2 2
2 2
534 534
1 2
526 527
524 525
1 1
534 534
1 2
1 1
546 546
1 2
2 2
2 2
2 2
1 1
1 2
551 552
1 1
1 1
546 547
1 2
547 547
1 2
2 2
545 546
545 546
1 2
2 3
546 546
1 2
548 548
1 1
2 2
543 545
5 5
539 539
539 539
2 2
536 538
542 542
542 542
545 546
2 2
1 2
543 543
2 2
1 3
2 2
539 539
2 3
1 1
1 2
2 2
543 544
1 1
2 2
537 537
1 2
2 2
2 2
547 547
1 2
543 544
1 1
5 5
2 2
4 5
540 540
539 539
2 2
1 2
538 538
2 3
532 533
2 2
535 536
531 532
535 535
536 537
539 540
1 2
2 2
2 2
542 542
4 5
1 1
538 539
544 544
4 5
2 2
537 539
542 543
535 536
1 2
537 537
5 5
2 2
2 2
2 2
2 2
4 5
2 2
1 1
533 533
2 2
2 2
536 537
531 531
1 2
540 540
2 2
1 1
2 2
2 2
2 2
547 548
1 2
539 540
1 2
1 2
537 537
536 536
2 2
2 2
1 2
531 531
534 534
2 2
2 2
530 530
527 528
537 537
542 542
1 2
2 2
2 2
1 2
2 2
541 541
2 2
2 2
543 543
1 1
544 544
5 5
538 538
1 2
1 2
530 531
2 2
2 2
2 2
529 529
533 533
2 2
2 2
2 2
535 537
543 543
546 547
2 2
543 543
548 549
548 548
543 544
2 2
2 2
1 2
5 5
5 5
547 548
2 2
548 548
2 2
1 2
537 538
533 533
535 536
540 541
2 2
544 544
2 2
541 542
2 2
2 2
2 2
545 545
545 545
539 539
1 2
2 2
534 534
2 2
1 2
542 542
2 2
534 535
529 530
2 2
5 5
1 2
1 1
2 2
538 538
2 2
533 533
2 3
2 2
4 5
2 2
537 538
2 2
2 2
1 1
1 2
1 1
540 540
1 1
2 2
1 2
2 2
537 538
1 1
1 2
1 1
533 535
2 2
540 541
1 1
535 537
537 538
1 2
1 1
536 537
1 2
537 537
1 2
538 539
1 2
542 544
1 2
1 1
1 2
1 2
2 2
529 529
543 543
2 2
540 541
2 2
541 542
1 1
2 2
1 1
533 533
2 2
2 2
2 2
1 2
2 2
1 2
1 2
1 2
538 539
539 540
534 535
1 2
2 2
2 2
2 2
536 537
5 5
540 541
2 2
540 540
1 2
1 2
537 537
541 541
1 2
1 2
547 548
544 544
541 542
1 1
4 4
538 538
1 2
536 537
534 535
2 2
2 2
539 540
541 541
2 2
538 539
1 2
538 538
540 540
1 2
2 2
2 2
1 1
2 2
1 2
533 535
534 536
539 540
2 2
2 2
2 2
528 528
1 1
533 535
1 1
1 2
1 2
2 2
545 545
1 2
543 543
535 536
540 542
2 2
1 3
2 2
540 540
1 2
2 2
1 2
529 529
1 2
524 526
1 2
2 2
1 2
1 2
533 534
1 2
1 1
1 2
1 2
542 543
1 2
1 2
2 2
537 538
539 540
2 2
2 2
2 2
539 539
2 2
541 541
2 2
2 2
2 2
536 536
529 530
2 2
2 2
529 530
529 529
540 541
536 536
536 536
537 539
1 2
1 2
2 2
2 2
2 2
1 2
539 540
541 541
546 546
530 530
2 2
1 2
1 1
525 526
527 527
534 534
1 2
536 537
1 2
1 2
540 541
1 2
1 2
1 1
536 536
538 538
1 2
526 526
5 5
525 525
526 527
536 536
533 534
544 544
2 2
2 2
1 2
540 540
1 2
539 539
1 1
529 529
529 529
2 2
528 528
2 2
543 544
1 2
2 2
2 2
2 2
2 2
2 2
2 2
1 1
2 2
1 2
543 545
540 540
2 3
544 544
2 2
534 534
525 525
2 2
1 2
527 527
1 2
2 2
534 534
2 2
4 4
542 543
1 1
2 2
543 543
542 542
2 2
2 2
2 2
549 549
2 2
2 2
549 550
553 553
2 2
544 544
533 533
537 537
2 2
540 541
1 1
548 548
547 547
5 5
544 544
1 1
545 546
2 2
2 2
2 2
551 551
2 2
1 1
2 2
549 550
539 539
5 5
1 2
536 537
2 2
541 541
2 2
1 1
538 538
2 2
1 2
2 2
1 1
547 547
1 2
1 2
1 1
2 2
2 2
543 544
1 2
2 2
1 1
536 537
538 538
540 540
2 2
539 539
1 2
541 541
549 549
2 2
1 2
548 548
540 541
2 2
1 2
539 540
5 5
2 2
2 2
2 2
2 2
550 552
533 534
2 2
2 2
2 2
530 530
2 2
2 2
529 529
2 2
5 5
2 2
539 539
2 2
2 2
536 537
540 541
540 540
539 539
2 2
1 1
531 531
534 535
538 538
2 2
1 1
2 2
538 538
2 2
538 538
1 2
539 539
2 2
2 3
543 544
543 543
4 5
1 2
2 2
535 535
528 529
1 1
1 1
532 532
2 2
2 2
1 1
1 2
541 542
1 1
544 544
546 546
1 2
545 546
1 2
2 2
548 548
532 532
541 542
2 2
541 541
2 2
2 2
1 2
2 2
2 2
528 528
1 1
537 537
2 2
2 2
537 538
1 2
2 2
2 2
541 541
542 542
2 2
1 1
545 546
2 2
532 532
532 532
2 2
2 2
5 5
532 532
535 535
2 2
2 2
544 544
547 548
548 548
548 549
2 2
549 550
2 2
536 536
1 2
1 1
1 2
1 2
1 2
2 2
1 2
2 2
535 537
2 2
1 2
530 530
2 2
2 2
2 2
2 2
1 2
2 2
2 2
540 541
1 1
539 539
2 2
540 540
537 538
1 2
1 2
2 2
540 540
1 2
2 2
534 535
533 534
1 2
530 530
2 2
532 532
1 2
538 538
2 2
2 2
540 540
538 538
1 1
1 1
1 3
545 545
2 2
2 2
2 2
1 2
1 1
3 3
545 545
5 5
2 2
546 546
2 3
2 2
2 2
538 539
1 2
1 1
541 541
552 552
1 2
2 2
543 544
2 2
541 542
1 2
2 2
2 2
544 545
536 536
1 2
542 542
2 3
1 1
2 2
2 2
531 532
532 532
2 2
1 2
2 2
2 2
535 536
2 2
2 2
1 3
537 537
536 536
1 1
2 2
538 540
1 1
2 2
537 537
1 2
537 539
527 527
1 1
2 2
523 524
1 2
1 1
530 532
5 5
4 5
1 2
1 2
1 1
2 2
1 1
2 2
2 2
1 1
1 2
537 537
1 2
2 2
540 540
541 542
1 2
2 2
2 2
2 2
2 2
5 5
2 2
2 2
525 527
2 2
536 536
2 2
540 540
1 3
2 2
1 2
526 526
2 2
2 2
540 540
542 543
540 541
541 541
2 2
528 528
2 2
536 536
1 2
1 3
530 531
1 1
2 2
540 540
4 5
1 2
543 543
1 2
541 541
544 544
543 544
2 2
1 1
1 2
2 2
2 2
2 2
2 2
2 2
2 2
2 2
2 2
1 1
2 2
1 1
1 2
532 532
533 534
1 1
1 2
535 535
539 540
541 541
2 2
1 2
2 3
1 3
542 543
543 543
545 545
1 1
1 2
532 532
537 537
534 534
541 542
1 2
544 545
540 541
540 540
1 1
546 546
2 2
2 2
2 2
2 2
535 536
1 2
530 530
1 2
2 2
1 1
4 5
527 528
532 532
1 2
2 2
2 3
2 2
542 543
542 543
2 2
1 2
541 541
2 2
2 2
1 2
1 2
542 544
537 537
2 2
1 2
1 2
2 2
1 3
2 2
2 2
1 2
2 2
524 526
537 537
540 540
1 2
544 544
1 2
5 5
2 2
2 2
541 542
542 542
2 2
1 2
535 535
1 2
1 2
1 1
1 3
529 530
5 5
524 525
527 527
530 530
2 2
534 534
2 2
2 2
2 2
535 536
533 534
1 2
2 2
536 536