20 228
2 4
1 4
4 7
2 33
1 11
2 4
630 667
1 5
5 7
988 993
5 7
3 4
2 4
2 3
1103 1105
1057 1106
2 3
852 853
1 4
3 8
3 8
4 5
2 11
2 4
1 4
2 3
2 3
2 4
803 806
967 977
991 994
1 5
2 4
2 3
874 876
2 3
1 3
3 4
971 973
865 866
2 3
2 3
2 3
908 911
5 6
2 4
2 3
1039 1040
930 931
2 3
2 3
998 999
1 4
965 967
2 3
2 3
3 4
1065 1066
2 3
999 1001
2 3
2 3
2 4
956 957
879 880
2 3
2 4
2 3
1 3
965 967
3 4
846 847
1 4
1015 1016
1037 1038
1009 1010
3 20
1 2
2 3
1036 1037
2 3
5 7
4 6
5 7
1 2
820 822
2 3
2 3
2 3
2 3
3 8
1 3
2 3
1 3
2 3
3 6
4 7
671 673
2 3
2 3
2 3
2 3
1 3
1 3
1 3
897 902
2 4
3 4
2 3
1003 1005
941 943
3 4
2 10
1 4
3 6
2 4
2 3
2 5
2 3
2 3
1 3
881 883
2 3
888 891
990 991
1065 1067
2 3
2 3
938 939
1 3
1069 1071
961 962
2 3
2 3
1 3
1015 1016
2 3
895 896
2 3
2 3
967 968
2 3
1002 1003
2 3
1022 1024
1003 1004
2 3
936 937
4 6
2 3
1021 1022
2 4
2 3
937 939
882 884
1068 1069
1 3
1039 1041
1049 1051
2 3
2 3
2 3
1017 1018
1 2
846 848
1 3
2 3
946 947
2 3
999 1001
1183 1184
2 4
823 833
2 4
1018 1019
2 3
1070 1071
1042 1043
1 2
1018 1019
3 4
2 3
939 940
1024 1025
2 3
2 3
957 958
3 4
1079 1080
2 3
1 3
900 902
911 912
2 3
946 947
1039 1040
1028 1029
1076 1078
935 936
5 8
969 970
2 3
1018 1019
925 927
1012 1015
2 2
3 4
2 2
2 3
1 4
2 3
835 836
1 3
1 3
3 6
981 982
2 3
2 3
704 706
2 3
2 3
3 4
959 960
1004 1004
1044 1045
1093 1094
1047 1048
1066 1072
2 3
1017 1019
6 7
2 3
2 3
5 7
850 851
1 3
2 3
2 2
852 853
2 3
2 3
873 874
2 4
2 3
988 992
2 3
1034 1035
8 9
1020 1020
1080 1081
2 3
1 2
1076 1077
1047 1048
2 3
2 3
925 926
2 3
1009 1011
2 3
1005 1007
1016 1024
1139 1141
2 3
5 6
2 2
2 3
990 991
2 3
801 802
2 3
881 882
2 3
873 874
2 3
1 2
921 923
792 794
17 19
2 3
935 935
1000 1001
1009 1010
2 3
874 876
2 3
2 3
2 3
1 2
678 679
667 668
1 2
2 3
5 7
1 4
858 860
792 793
934 935
1 3
3 3
4 5
5 6
1 3
1 3
2 3
802 804
1 2
807 809
1 2
889 891
2 3
1 2
1 2
2 4
881 882
1048 1050
1039 1041
1 3
5 6
1014 1015
1 3
1033 1034
2 3
2 3
2 3
848 849
1005 1006
1 2
1 2
1 2
1002 1003
2 3
2 3
2 4
2 3
807 808
819 820
1086 1089
1064 1065
1 4
2 3
2 3
2 3
2 2
843 844
1 4
874 876
2 3
2 4
1 12
2 3
3 4
2 3
878 879
965 966
1072 1074
1000 1002
2 3
2 3
2 3
2 3
941 942
2 3
1 2
820 821
1041 1043
1 3
2 3
924 926
1056 1058
1 3
936 938
1 5
2 3
5 6
922 923
973 974
1158 1160
1066 1066
4 5
913 915
1 3
1 2
1 2
2 3
2 3
2 3
709 711
1 3
4 6
1 2
3 5
2 3
1 2
708 709
2 11
691 693
2 2
827 828
4 6
1 2
942 943
1 3
2 3
1 2
1052 1052
2 7
6 9
1028 1031
2 3
977 980
1117 1118
1138 1140
1081 1082
1004 1006
2 3
1098 1099
1092 1093
1148 1150
1 2
2 5
1 3
2 4
3 4
2 3
2 3
2 3
773 775
942 943
859 861
2 3
2 3
1002 1003
1062 1064
5 6
1 3
2 3
1 2
1 4
842 843
1 2
746 747
1 3
1 2
2 3
1 2
2 3
5 5
2 3
685 687
2 3
996 998
1057 1058
1007 1008
2 3
1 2
2 3
902 904
1 3
764 765
1 2
999 1001
1021 1023
2 3
1067 1069
2 3
2 3
896 897
1 3
904 906
2 3
1 3
945 946
1048 1049
2 3
1043 1045
2 3
977 978
1088 1089
2 2
1 2
906 907
1003 1005
2 3
1024 1026
1 2
1000 1001
1 3
2 3
1035 1036
969 970
2 3
2 3
872 874
2 3
913 914
2 3
1101 1102
2 3
876 877
7 7
2 3
6 7
814 815
1 3
2 3
842 843
1 2
11 12
2 3
795 796
2 3
2 3
839 840
2 3
1 3
904 906
2 3
2 3
952 954
2 3
2 3
922 923
2 3
975 976
2 3
2 3
2 3
835 837
2 3
914 914
1 3
2 3
5 6
973 975
810 811
4 7
1 2
2 4
2 3
1 3
3 5
1 7
1 3
2 5
2 8
648 649
2 2
1 2
2 2
4 5
2 2
1 2
8 9
703 707
822 823
2 3
847 848
1 3
1008 1010
2 3
1013 1014
2 3
1130 1131
2 4
942 943
2 3
1 2
1 3
1 2
1 3
1 2
936 938
1 2
1 1
2 3
1 3
733 735
2 3
2 3
1 2
1 2
868 870
1 3
934 935
2 3
971 972
1 3
1054 1056
2 3
889 890
2 3
2 3
1032 1033
1 3
1 2
1031 1032
1 2
2 3
2 3
1 2
5 6
778 779
2 3
1 2
2 3
2 2
2 3
757 758
2 3
836 837
2 3
2 3
2 4
895 896
2 3
990 991
2 25
906 907
2 2
2 3
2 3
817 819
1 3
1 2
4 6
861 863
2 3
892 894
1 3
951 953
1088 1089
2 3
2 3
2 3
2 4
1045 1046
2 3
1 3
918 920
1 3
2 3
809 810
1 2
970 972
2 3
1014 1015
2 3
2 3
936 937
1016 1017
2 3
1141 1142
1107 1108
1156 1158
1177 1178
2 3
2 3
1 2
2 4
2 2
1 2
2 3
1 3
790 792
796 799
2 3
2 3
883 885
2 3
1 2
1 3
2 2
917 919
2 3
1 3
955 957
856 857
4 5
5 8
4 5
2 3
1 2
2 3
1 2
845 847
3 4
800 802
2 3
780 781
2 3
2 4
5 6
2 3
885 888
1000 1000
2 3
917 919
2 3
1092 1094
884 886
2 3
2 3
2 2
939 940
1031 1034
957 958
1 3
2 3
2 2
1 3
972 974
1 3
1060 1062
2 2
851 852
2 3
2 3
958 959
2 3
921 924
2 3
954 957
2 3
1 2
889 889
1 2
2 3
2 3
2 3
2 3
905 907
1074 1075
957 958
1 2
3 4
4 5
2 3
1 2
1 2
711 713
1 2
1 2
723 725
2 2
1 2
1032 1032
908 910
2 3
952 952
1 2
1 3
928 929
1 2
1023 1024
1071 1073
994 996
1 2
2 3
2 2
1 2
2 3
1 3
827 828
2 3
931 932
2 2
825 825
2 3
2 3
1 3
2 3
902 904
1 2
1060 1061
2 3
2 3
2 3
2 3
2 3
913 914
4 6
2 3
2 3
795 796
2 3
796 797
2 3
2 3
804 806
1 3
1 2
2 2
928 929
2 3
988 989
1 3
5 6
1 3
1024 1025
1 3
2 3
804 805
1 2
2 3
5 7
953 954
884 884
4 6
2 3
1 3
870 871
2 3
2 3
1048 1049
2 2
2 3
2 3
2 3
915 916
1 2
879 881
2 3
1 2
2 3
1 3
913 914
1 2
966 968
804 805
1085 1086
1074 1076
1033 1034
1164 1165
2 3
1 2
2 3
1 3
2 3
1 2
1 3
916 917
1 2
865 865
1 2
788 789
2 3
1 2
859 860
2 3
5 6
5 6
1060 1061
1035 1036
946 946
1 2
1 2
2 3
2 2
2 3
2 4
2 3
1 3
698 700
1 3
1 2
1 3
1 3
616 617
1 2
3 3
1 7
1 2
1 3
617 618
2 2
1 3
1 3
1 3
961 963
1067 1068
1008 1008
1 3
978 980
2 2
2 3
1 1
1 3
2 3
788 790
758 759
2 3
1 2
2 3
1 2
2 2
1 3
2 2
1 2
806 807
1 2
727 728
2 2
1 2
2 3
887 888
833 834
2 2
985 986
2 2
1 2
961 962
946 947
1109 1110
1143 1143
1041 1043
2 3
1 2
2 2
962 964
1 2
2 2
1 2
2 3
944 945
890 892
2 3
7 8
898 899
2 3
2 3
2 2
827 828
1 2
2 2
2 3
2 3
2 3
1 2
745 747
2 2
1 3
756 756
1 3
787 787
1 3
1 3
2 2
1 2
840 841
1 2
5 6
2 2
886 886
907 908
5 6
1 2
714 715
1096 1097
1135 1142
1068 1069
1 2
1100 1101
1 3
3 4
2 3
2 3
1 2
805 806
824 824
2 3
1 3
1 4
937 938
1082 1084
1 3
1 2
2 2
775 776
2 3
3 4
2 2
804 805
1 3
1 3
734 735
1 3
986 987
4 5
2 3
1114 1116
1021 1022
976 978
946 948
1 2
2 3
1043 1044
2 3
1 2
994 995
2 3
2 3
1 3
947 948
1 3
1 2
2 3
2 3
893 894
1005 1006
1006 1007
1 3
2 3
2 3
1045 1046
4 5
1 3
1 3
1 2
897 898
799 800
2 2
1 5
1 2
1 2
2 3
1 3
1 3
1 2
1 2
2 2
0 1
647 648
1 2
1 2
1040 1041
1 2
1083 1084
1067 1068
1065 1066
1 3
1 2
1 2
2 3
1 2
2 3
2 3
984 985
2 3
1 2
1023 1024
1 2
1093 1095
1072 1074
1 2
1 2
1 2
1 3
2 3
1 3
2 3
983 983
944 945
1065 1067
1 2
1 3
6 7
929 930
2 2
2 3
1 3
1 3
995 999
973 974
3 4
1093 1095
2 2
1011 1012
2 3
1 2
2 3
2 3
2 3
4 5
4 5
2 3
701 702
832 836
1 3
2 3
924 924
1175 1176
1096 1097
2 3
1 3
1041 1043
1 3
935 937
1 3
1 2
3 4
1 2
1015 1017
2 3
5 6
795 796
2 3
2 3
5 6
2 3
1 3
1 3
2 3
857 858
1 2
1 2
992 994
2 2
969 970
2 3
2 2
1 2
2 4
1 2
969 970
1 2
1 2
1 3
2 3
944 945
1045 1046
1008 1009
999 1000
2 2
1 2
893 894
1081 1083
1128 1130
1 3
2 3
927 928
4 6
2 3
1 3
2 3
2 3
1 3
997 998
1 3
853 854
2 3
827 828
1 2
2 3
1058 1060
4 5
930 931
1168 1168
1 2
1 3
1 6
1 12
880 881
1 2
1 3
2 3
1 3
2 3
2 3
2 3
2 3
1 3
758 760
2 2
1 2
895 896
2 3
2 4
842 843
1 2
2 2
2 3
1 2
1026 1028
1102 1104
1130 1131
1115 1117
1 2
2 3
1 3
918 919
1059 1060
2 3
1040 1042
1009 1011
1074 1076
2 3
1133 1135
1152 1154
2 3
1052 1054
1 2
1 2
2 3
2 3
867 869
2 3
1 3
844 846
2 3
2 2
3 5
2 3
2 3
877 878
943 944
1099 1100
1138 1141
1164 1166
1011 1012
2 2
3 4
2 4
2 2
1 2
945 947
2 3
982 983
1042 1043
2 3
1061 1063
2 3
893 895
1 2
2 4
1091 1092
1076 1077
3 4
1013 1015
1 3
1 2
946 948
976 977
1 3
982 984
1092 1092
1090 1092
1042 1043
2 2
2 3
1052 1055
1082 1083
2 3
2 3
752 754
963 965
1172 1172
1025 1026
2 3
1030 1031
943 944
2 2
956 957
1162 1164
982 984
4 5
2 2
1024 1024
1077 1078
1 3
972 973
1069 1069
1081 1082
2 2
906 906
981 983
2 3
1 3
1083 1085
981 983
2 3
965 966
984 985
1023 1023
1038 1039
4 6
1043 1044
1012 1014
2 2
983 984
989 991
2 2
2 3
874 874
1066 1067
1115 1117
2 3
2 3
1081 1083
1 3
909 910
2 4
2 3
1 2
2 3
955 957
1 2
2 2
2 3
4 6
1 3
2 4
1 3
778 779
2 3
2 3
1 3
925 932
1 3
954 955
1 3
906 907
1 2
2 3
1 3
968 969
1012 1013
1092 1094
1 2
1 3
2 4
1112 1113
2 3
1 2
1 2
1 2
5 7
840 842
803 804
1 4
1 10
1 2
819 821
930 930
2 3
2 4
2 3
1 1
1 3
775 776
911 912
1 3
1 2
1 2
2 2
1 2
2 3
776 778
1 3
1 3
1 2
1 3
1 2
1 2
719 719
1 2
1 3
788 789
2 2
1 2
2 2
843 844
2 3
920 922
2 3
1077 1079
1042 1043
2 3
2 3
2 2
2 3
1 3
2 3
5 5
792 793
4 5
1 2
698 699
2 2
2 3
1 2
2 4
2 3
1 2
1 2
2 3
1 2
2 3
592 593
2 3
2 3
2 2
1 2
2 3
1 2
941 942
819 821
2 2
1003 1004
2 3
3 3
816 817
887 888
1019 1020
1003 1004
10 10
1 3
923 925
1061 1062
1 2
1 3
2 3
1006 1008
2 2
917 918
1 2
875 877
2 3
2 3
2 5
1 3
923 923
972 972
2 2
2 3
1012 1014
953 954
1 2
2 3
1 3
1 2
2 2
2 3
1 2
2 3
5 6
2 3
1 3
1 3
691 692
2 2
646 647
1090 1092
987 988
2 3
1092 1093
1 2
1060 1060
2 3
4 4
1 3
3 4
4 4
866 867
818 819
1 4
1018 1020
1 2
1085 1087
1036 1038
1134 1135
2 3
1 2
1 2
2 3
990 990
972 974
1 2
4 6
1 3
1 3
980 981
2 3
2 2
857 859
2 3
930 931
1 2
922 923
1 3
853 855
2 3
2 3
871 873
2 3
1060 1060
1038 1040
2 3
1082 1083
0 2
989 990
2 3
2 2
2 2
1 3
1 3
767 769
1 2
2 3
2 3
2 3
809 809
934 935
1 4
4 5
912 914
2 3
1010 1010
1017 1019
1038 1038
1 2
2 2
1021 1022
951 952
2 2
3 4
1082 1084
1043 1045
2 3
904 904
1082 1083
1048 1050
2 3
1108 1109
5 6
2 3
953 955
5 6
944 945
1016 1017
1 2
1090 1092
1118 1120
2 3
1 3
1 3
1 3
744 746
2 2
839 839
987 989
1 2
1 3
1059 1061
2 4
1 2
1050 1051
2 3
1 3
1 2
1 3
796 797
4 6
1027 1028
977 979
1085 1087
1091 1092
1155 1156
1129 1131
2 3
1078 1080
1 2
965 966
2 3
1116 1117
1048 1049
1 3
1078 1080
2 4
998 999
2 3
1 2
926 927
1 2
979 981
1 2
1037 1038
1 2
1064 1065
1 2
969 970
2 3
1 3
1 2
930 932
2 3
1017 1019
1 2
1 3
1013 1015
2 3
1 2
898 899
989 990
1035 1035
2 3
2 4
954 955
1 2
2 3
893 893
1055 1059
1136 1137
1 3
1034 1035
1 3
5 8
921 922
2 2
2 3
1 3
1 3
904 905
1 2
1020 1023
2 2
1013 1014
2 3
3 4
1 3
2 2
913 915
899 900
2 3
3 4
1012 1014
951 952
2 3
2 3
2 2
932 933
998 999
1 3
2 3
2 3
974 974
1110 1112
2 3
968 969
1052 1053
1071 1072
1 3
2 2
959 961
2 3
1090 1091
1065 1066
1031 1033
2 3
1149 1151
7 13
1037 1038
793 794
1183 1189
1110 1112
972 973
1 2
956 957
6 7
2 3
1 3
2 3
2 3
1 2
2 3
826 827
864 864
969 970
1 4
2 2
2 3
924 925
2 3
2 3
2 3
1050 1051
1090 1091
986 987
1 3
1 2
2 3
724 726
1 3
2 3
739 739
958 959
1040 1042
2 3
1 2
1 4
960 961
5 6
2 3
1042 1043
1042 1044
976 976
1 3
952 954
1014 1016
2 3
1 3
939 940
1 3
953 954
1 2
1 3
1010 1011
1 7
986 988
1 3
1 2
2 3
1004 1004
5 7
912 914
1 3
968 969
988 989
1 3
1 2
1 4
1037 1038
1023 1023
1016 1017
2 2
2 3
2 3
2 3
2 3
872 873
918 918
1 2
2 2
1075 1076
2 3
984 985
823 824
1038 1040
2 3
1079 1080
1107 1108
1 3
1056 1057
2 3
5 6
878 880
2 3
1060 1061
1 2
974 975
2 3
1086 1088
1 2
1 2
2 3
1 1
1 2
2 3
837 838
1 3
817 818
2 3
1 2
1 3
2 3
1 2
934 935
1 3
1123 1125
1055 1057
1080 1082
1 4
2 3
2 3
1 3
1 3
811 813
1 3
2 3
1 3
2 2
1 2
4 7
697 698
1 2
2 3
705 707
1 2
5 7
908 909
854 854
1076 1076
1042 1044
2 3
1 2
2 3
1 3
2 3
921 923
2 3
847 847
1 3
1 2
1 3
895 897
1 2
932 933
1 3
1090 1092
2 2
880 882
2 3
1 2
1 2
2 3
2 3
2 2
2 3
1 3
2 3
826 827
1 2
2 3
825 826
1016 1016
2 3
996 997
867 868
2 2
1102 1104
920 921
1 2
2 3
2 3
2 3
945 946
2 3
2 2
1 3
2 3
968 970
786 787
2 3
2 3
2 3
1 3
779 780
1097 1099
1054 1054
1 2
1017 1018
1059 1061
1 3
1 2
1 2
870 871
2 3
979 980
2 4
1 2
2 3
1 2
820 822
5 5
2 2
645 646
1 3
2 3
2 3
1 3
880 887
828 829
2 3
1 3
3 4
1 7
1 4
2 4
738 740
5 6
2 3
1 3
914 916
2 3
1070 1070
2 3
2 2
962 963
946 947
2 4
2 3
2 3
845 847
859 860
2 2
2 3
1 2
1 3
1 3
1042 1044
836 836
2 2
1 2
2 2
2 3
2 2
2 3
714 715
2 3
2 3
1 3
2 3
720 721
2 2
1 2
2 3
922 923
946 947
964 966
2 3
2 3
2 3
983 985
1045 1046
1 3
865 866
1 2
2 3
1 3
2 3
1 3
1 2
753 753
2 3
1 2
805 807
2 2
2 3
746 748
2 3
1024 1026
1 2
1104 1105
1153 1153
2 3
2 4
963 964
2 2
3 5
2 3
1 3
2 3
822 823
1 2
929 930
2 2
957 958
4 6
2 3
1 3
919 920
964 966
1 3
2 2
1005 1006
1 3
1034 1035
1 3
1 3
963 964
5 6
895 897
1022 1024
1086 1087
2 3
1102 1103
1 2
1 2
3 4
906 907
2 3
2 3
1 3
1 2
851 853
2 3
952 952
1064 1065
1 3
1 2
2 2
2 2
884 885
2 2
917 919
2 3
1004 1005
1 2
1 2
896 897
2 3
1035 1036
4 5
9 10
2 3
9 9
1 2
1 2
2 3
2 3
784 786
777 779
2 2
2 4
868 869
1 11
800 801
1 2
1 3
988 989
2 3
1004 1005
1067 1068
2 2
2 3
881 882
859 860
897 898
1 3
1016 1017
1080 1081
2 3
1 2
926 927
1 2
1044 1045
906 907
2 3
1 2
1073 1074
2 3
1 3
867 868
1 3
1 2
1 2
821 822
1 2
1 3
880 881
1008 1009
968 969
5 6
1 2
985 986
2 3
2 3
1 2
892 892
5 5
5 6
2 2
987 988
844 844
1 3
975 976
2 3
1 2
1 2
2 3
1 2
938 939
1 3
2 3
717 718
1 3
852 854
996 997
1156 1156
1 3
2 3
1003 1004
1 3
2 4
3 5
790 790
6 7
1 9
1 2
2 8
1 2
805 805
2 3
1 2
2 3
877 879
2 2
0 1
942 944
1 1
926 927
2 3
2 3
1 2
1 3
2 3
2 2
2 3
2 3
2 3
2 3
613 614
1 3
606 607
1 2
1 1
1 3
1 2
2 3
2 3
1 3
2 3
672 673
2 2
2 3
1 3
2 2
1 3
1 3
878 880
1 2
1 2
871 871
868 868
1 3
2 3
1 2
2 3
2 2
1 3
733 735
940 941
1 3
884 885
1162 1163
1077 1078
1 3
1047 1049
2 2
2 3
1 2
907 908
2 2
952 954
2 4
5 6
2 3
1 2
1 2
1 2
797 798
2 3
823 825
1 2
978 980
3 4
1 2
916 918
1 3
2 3
890 892
991 991
907 908
2 3
1051 1052
1087 1088
1 2
1049 1050
1001 1003
1 2
1 4
2 3
1 3
864 865
1 3
888 889
1 2
2 3
2 3
2 3
853 854
2 3
2 3
2 3
904 905
1 3
2 3
922 923
923 925
2 3
1 3
1 2
2 3
951 952
5 6
2 3
926 927
1005 1006
5 6
1092 1094
2 3
911 912
2 3
2 3
963 965
1017 1019
2 2
1 3
2 3
909 910
1 2
1 2
1 2
809 810
997 998
1 2
1 2
2 3
2 4
879 879
895 895
2 3
2 3
2 3
2 3
2 3
863 865
1 2
1 3
4 5
2 3
979 980
1024 1025
1 3
2 4
2 3
821 822
957 959
1148 1149
1114 1115
1103 1104
2 3
1054 1056
2 3
1016 1018
1057 1059
1 3
1021 1023
2 3
990 991
994 995
1012 1014
2 2
2 3
2 4
2 3
991 992
2 2
854 856
2 3
2 3
894 896
2 2
1005 1006
1 2
999 1000
2 2
2 3
1 3
1 2
1 2
835 836
2 3
2 3
1 2
5 6
675 677
2 3
2 2
2 3
2 2
770 770
992 992
981 981
1061 1063
1096 1097
1 2
893 894
5 6
908 909
1 3
5 6
9 10
2 3
1 2
8 9
1 2
762 764
2 3
675 676
1 3
1 3
1 3
1 3
825 827
1 2
832 834
1012 1013
2 3
2 3
891 892
5 5
1 3
938 939
1 2
986 987
1 3
2 3
2 2
1 3
1 2
1 2
828 829
900 901
2 4
1 2
2 3
2 2
954 955
2 2
985 986
920 921
2 3
2 3
2 3
997 998
6 7
1 3
1 2
9 11
1 3
899 901
1 3
684 685
1 2
1 3
2 2
2 3
1 2
793 794
2 3
2 2
1 3
750 751
1 2
2 3
2 3
749 751
1 3
2 3
2 3
1 2
2 3
2 3
1 2
2 2
2 3
939 941
1093 1094
1172 1174
1083 1084
2 2
2 3
746 747
925 926
1014 1016
1017 1019
5 6
1021 1023
1 3
2 2
1 2
1 2
1 2
889 890
856 857
1 2
1 3
1 2
923 924
879 880
1006 1009
1047 1048
1 2
2 3
2 3
1074 1075
1064 1066
2 3
1 2
3 5
868 869
1 3
972 973
1 2
937 939
1072 1073
1167 1168
1 2
943 945
1 2
2 4
924 925
2 3
1107 1107
1029 1030
1 2
853 854
1038 1038
1073 1074
1 2
1078 1080
2 2
1 3
1001 1003
2 2
955 955
2 2
1 12
2 2
805 807
1 2
2 3
3 5
2 3
988 989
883 884
2 3
2 2
2 2
2 3
1011 1011
990 991
971 973
2 3
2 3
2 3
2 3
781 781
1 2
1 1
905 910
1017 1019
1 3
992 993
1102 1102
1 3
1 2
835 836
2 2
1 2
2 3
919 921
1010 1011
1 2
1 3
979 979
2 3
2 3
928 929
847 849
2 3
823 824
1 3
897 899
1 2
2 3
1 3
1 3
1 3
1 2
883 884
848 848
2 3
2 3
927 928
1041 1042
1083 1085
1164 1165
2 3
1073 1075
1 2
975 976
1050 1051
975 976
1129 1130
1 3
2 3
1 2
837 839
4 6
1029 1031
2 3
1010 1012
1019 1021
793 794
2 2
1 3
891 892
1002 1004
2 2
1151 1153
875 876
2 3
2 4
913 914
996 997
1001 1002
1144 1145
978 979
1059 1060
2 3
953 955
1 3
1 2
3 4
951 952
810 812
1 2
1084 1086
1061 1062
1075 1076
1055 1056
1 2
1 3
2 4
2 3
1 3
1 3
2 3
1 3
1 3
753 754
1 2
930 931
2 3
841 842
2 3
5 6
2 3
1 2
2 3
2 3
571 573
5 6
1 2
1 2
1 3
669 671
1 3
3 5
795 797
1 3
802 803
2 3
1005 1006
957 959
980 982
1 3
910 912
2 2
2 3
1 2
1 3
1 3
2 3
1 3
2 3
828 829
1 3
887 888
1 3
3 4
831 832
2 2
2 2
1 3
976 977
1 2
1074 1075
968 968
1 3
1 2
2 3
2 3
730 731
3 3
3 3
2 2
1 2
1 2
718 718
1 2
1 3
925 926
968 969
1 3
1012 1013
2 3
1 3
1043 1044
1 3
991 992
1 3
5 5
1 2
941 942
2 2
922 924
1 2
3 4
3 4
1 3
3 3
1 3
749 750
1 3
1 2
1 2
1 2
850 850
888 889
1 1
1061 1061
2 3
1 3
964 965
1003 1004
1057 1057
1062 1063
2 3
1 2
910 912
985 987
2 2
1 3
965 966
1 2
1 3
1 2
878 879
2 2
801 802
1 5
2 3
1 2
1 1
5 12
1 3
1 2
945 957
1 2
1 2
976 977
962 963
2 3
1 3
1 2
1 2
935 937
1 2
2 3
1 3
2 2
1 1
1 3
1 1
1 3
1 2
1 2
657 658
738 739
846 846
1072 1073
2 2
1068 1069
1 3
1026 1028
2 3
2 3
3 4
2 3
1 2
862 863
1029 1030
1090 1092
1072 1073
2 2
3 3
964 965
1 2
2 4
2 3
1 2
2 3
988 989
926 927
1040 1043
2 2
2 3
5 6
4 4
1 2
875 877
1 3
954 956
966 967
2 3
1076 1076
1009 1010
1 3
1 3
891 891
968 968
1 2
936 936
1 2
3 4
1145 1147
2 2
1 2
884 885
1 2
1 2
1 2
769 770
2 2
1 2
798 800
1031 1032
1093 1094
1130 1130
1005 1006