19 46
15 51
3 5
2 4
2 3
1179 1218
1208 1233
8 13
1 3
1173 1175
9 10
1233 1234
2 2
2 3
2 2
1177 1180
2 3
2 2
1 2
2 3
1003 1005
2 2
2 2
1 3
1176 1176
1184 1184
2 3
1225 1227
2 2
1345 1345
2 3
2 2
2 2
1087 1088
1221 1221
9 9
2 2
2 3
2 3
1311 1315
1221 1222
1 3
2 2
1283 1284
2 3
1 2
1 2
1 3
973 974
1121 1122
2 3
1 2
1289 1289
1243 1243
1 2
1331 1332
1 3
1221 1221
2 3
2 3
2 3
1 3
1 3
1110 1110
1151 1153
1 2
1142 1142
2 3
1199 1199
2 3
1176 1176
2 3
16 17
1290 1291
1 3
1 2
2 2
2 3
2 2
1 2
2 3
1100 1101
3 4
1022 1024
1057 1057
1 2
2 3
1279 1281
1291 1291
1 2
1344 1344
1278 1279
3 3
1177 1177
1 2
1309 1310
1195 1197
16 17
1232 1234
2 3
1406 1407
1269 1271
2 2
1 1
2 2
1 2
3 4
918 919
1 2
1 2
940 941
2 2
1 2
1 3
1 2
950 951
2 2
1080 1081
1 2
1 2
2 3
2 2
1088 1090
1049 1050
2 3
6 6
6 6
2 3
3 3
2 2
1179 1179
1 2
2 2
5 6
1 1
1019 1020
1114 1114
4 4
1 2
1289 1289
1380 1382
1352 1352
1 1
1235 1235
1 3
1 2
1 3
1183 1184
3 3
2 2
2 2
2 3
1006 1007
1266 1266
1303 1305
1317 1317
1319 1321
1 2
2 2
2 3
5 5
1181 1182
1 2
1159 1160
1 1
1230 1231
4 5
1127 1128
2 3
1062 1063
2 2
1 3
1296 1296
1329 1331
1312 1312
2 2
1 2
1105 1118
2 2
996 996
6 7
10 10
1 2
7 8
983 983
1132 1133
1 2
1302 1302
1223 1223
1273 1274
13 14
2 2
2 3
1161 1162
1 2
1281 1282
1280 1282
2 2
1315 1316
1358 1359
1 2
1 2
2 2
1 2
3 3
2 2
2 2
1011 1011
1092 1093
1008 1009
2 2
1360 1362
1334 1335
1267 1268
2 2
2 2
2 3
5 5
1242 1243
1138 1139
1 3
1291 1292
1287 1287
3 3
1 2
3 5
2 3
2 3
1042 1043
1 2
1222 1222
2 2
2 2
1180 1180
2 2
1 2
1 2
1 2
1 2
2 2
2 2
905 907
2 2
1 1
1077 1078
1127 1128
1349 1350
2 2
1200 1201
2 2
1276 1278
5 6
1370 1371
1 1
1 1
1166 1167
1102 1103
3 4
1156 1157
1 2
2 2
1 2
5 5
1195 1195
2 2
1166 1168
1 2
1164 1164
1133 1135
2 2
2 2
1 2
1316 1317
1217 1217
2 3
1311 1311
1264 1264
2 2
2 2
2 2
1036 1038
1 2
1 1
3 3
5 5
9 9
943 944
1 2
3 4
948 948
2 2
1 2
3 4
993 993
3 3
2 2
2 2
1038 1039
1 2
1112 1113
1154 1155
2 2
1305 1306
1298 1300
9 9
2 2
1 3
2 2
938 940
992 992
1 2
1 2
1 1
1 2
4 5
970 971
2 2
1151 1152
2 3
2 3
2 3
1171 1171
1199 1200
1 2
1 2
1305 1306
2 2
1057 1058
2 2
1223 1224
1 2
1230 1231
1 1
1 2
1 2
2 2
3 3
1100 1100
1123 1123
2 2
1238 1239
2 2
3 3
1032 1032
1145 1145
946 947
1 2
1 4
1 2
2 2
2 2
1 2
962 962
2 2
2 2
1005 1005
1 2
2 2
1030 1030
1253 1254
2 3
1 1
1075 1076
1164 1166
1279 1279
1 2
1202 1202
1 2
1134 1134
1313 1314
847 847
2 2
1 2
1 3
4 5
1 1
1087 1088
4 4
1260 1262
1246 1246
1201 1201
5 5
1298 1298
1042 1044
1 3
2 3
1234 1236
1401 1402
2 2
1491 1492
6 6
4 5
5 6
5 5
1 2
1 2
1286 1287
1102 1102
1276 1277
1351 1351
1363 1363
1219 1219
2 2
2 2
1 2
2 2
2 2
1072 1074
2 2
1094 1095
1 3
1352 1353
1352 1352
1335 1336
1 1
5 5
1101 1101
2 3
1 3
1 1
2 3
2 2
2 2
2 2
1157 1157
1 2
1094 1095
1 2
1186 1186
7 8
1156 1157
1 2
1155 1155
1 2
2 2
1060 1060
4 5
1 2
1 2
1178 1178
1165 1165
1 2
1 2
4 6
1123 1123
8 8
1101 1102
1 2
2 2
1002 1002
1241 1241
1177 1178
1278 1278
4 4
1073 1073
1260 1260
1 2
2 2
1251 1251
1 1
1327 1328
1265 1266
9 9
1092 1094
2 2
1 1
1085 1086
1 2
1 2
1 2
1182 1182
1211 1212
1185 1185
1 2
2 2
2 2
1 2
1078 1079
5 6
2 2
1 2
1003 1005
1123 1123
1188 1189
1148 1148
2 2
1347 1347
1343 1343
2 3
2 2
1 3
1212 1212
1255 1255
2 2
1215 1215
1 2
1 2
1116 1117
1 2
1134 1135
1 1
1286 1287
2 2
1268 1270
1174 1175
1178 1179
1252 1252
17 17
1 2
2 2
1210 1211
1168 1169
2 2
3 3
1314 1314
2 2
1 2
1030 1030
1 1
963 963
1 2
1100 1100
2 2
2 2
1233 1233
2 2
1193 1193
1202 1203
1 2
4 6
1128 1129
1357 1358
1279 1279
1322 1323
1223 1223
9 9
1 1
1 2
1048 1049
2 2
1176 1177
1295 1295
1219 1219
1192 1192
1 2
3 3
1 1
3 3
3 3
1065 1065
1020 1021
1056 1057
1040 1040
1 3
895 897
917 917
2 2
1 3
2 2
2 3
1090 1090
1152 1152
1162 1163
1167 1167
1 2
2 2
9 10
1 2
571 571
1 2
7 8
557 559
2 3
2 2
4 4
3 4
577 579
570 570
1 2
2 2
1 2
4 4
2 2
3 3
780 780
806 807
2 2
2 2
1011 1012
1 2
1 2
1239 1240
1307 1307
1 1
2 2
1297 1297
2 2
1200 1202
2 2
1 2
1173 1174
1254 1254
1206 1206
1288 1289
1135 1137
1209 1210
2 3
6 6
2 2
3 3
1188 1189
1333 1333
1394 1395
1302 1302
1 2
1412 1412
2 2
919 919
772 773
2 2
1 2
1 2
2 2
2 2
1219 1219
1269 1270
1210 1210
4 4
2 2
2 3
986 986
2 2
2 2
1 3
944 945
11 16
7 7
2 2
1 2
1213 1214
1237 1237
1284 1285
2 2
1231 1231
1119 1119
2 2
1169 1169
1111 1112
2 2
2 2
2 2
1 2
2 2
1176 1177
1285 1286
2 2
2 2
2 3
1 1
1223 1223
1210 1211
2 2
1271 1271
2 2
1 2
1 2
1 1
2 2
1 1
1287 1287
2 2
2 2
1128 1128
1030 1030
1 2
1198 1198
2 2
1 1
1285 1285
1 2
2 2
1194 1194
4 5
1362 1362
5 5
1340 1340
1 2
3 3
1 1
2 2
2 2
1 1
2 2
1068 1068
1094 1095
2 2
1317 1317
1293 1293
2 2
1232 1232
2 2
1 2
1 1
1 1
1203 1203
2 2
2 3
1240 1240
1113 1113
1 2
1 2
1101 1102
2 2
2 2
2 2
2 2
1116 1118
1222 1222
1 2
1116 1116
1173 1174
1386 1388
1338 1338
2 2
1 2
1 2
2 2
1301 1301
1 1
1174 1174
7 7
8 9
1 1
2 3
1128 1128
2 2
2 3
2 2
966 966
1019 1020
1 2
4 5
2 2
1184 1184
1179 1179
1138 1138
1 1
3 3
1 1
1 2
948 949
4 6
1 1
1 1
1142 1142
1231 1232
1277 1278
1 1
1162 1163
1 1
3 3
1258 1258
1 2
1 2
2 2
7 7
2 11
10 11
2 2
1 2
2 2
892 892
1240 1241
5 6
1339 1340
1333 1334
1211 1211
2 2
1 2
1 2
1 2
2 2
1 2
1142 1143
1 1
1 1
2 2
2 2
2 2
1140 1140
1081 1082
1 1
1089 1091
2 2
797 798
1 2
3 4
2 2
1 1
1 1
2 2
2 2
2 2
2 2
1 2
1 1
5 5
692 693
1 3
9 9
2 2
663 663
0 2
775 776
1 1
1 2
13 14
1 1
3 3
2 2
1 2
3 4
2 2
1 3
2 3
3 3
2 2
4 4
612 612
3 3
2 3
1 1
585 585
3 4
5 5
5 5
5 5
4 4
5 5
2 2
1 1
1 2
1 2
1 2
626 626
1 2
1239 1239
1267 1267
2 2
1243 1243
2 2
1247 1247
1 1
1 2
3 3
1183 1183
1 2
1 2
2 2
3 3
2 2
2 2
800 800
2 3
1215 1216
1309 1310
1301 1302
2 2
1 2
1282 1282
2 2
1358 1358
1 2
1 2
2 2
1043 1045
1195 1195
1 2
1174 1174
1 1
1148 1148
1195 1195
12 12
1223 1223
992 992
1 2
1312 1312
1328 1329
1311 1312
1 1
1 1
1196 1197
19 20
12 12
1 2
1240 1241
2 2
1 2
2 2
1 1
953 953
1 2
2 2
1100 1101
1 2
1076 1077
5 5
1 2
2 2
1085 1085
1297 1297
1350 1350
1238 1238
2 2
1324 1325
2 2
2 2
2 2
1367 1367
1175 1176
2 2
2 2
2 2
1196 1197
1212 1212
1 1
1208 1208
1276 1276
1 2
1231 1231
2 2
2 2
1 1
1 1
1 2
1 1
1 2
1163 1164
1 2
1240 1240
976 977
2 2
1237 1237
1 1
1223 1223
1337 1337
1278 1278
2 2
0 0
1247 1247
2 2
2 2
1 2
1 2
4 5
2 2
1 1
2 2
2 3
2 2
822 823
1162 1162
2 2
1 1
1 2
1 2
1 1
2 2
933 933
1310 1310
1287 1287
1266 1266
2 2
2 2
2 2
2 2
1278 1280
1 2
1099 1099
1 2
2 2
2 2
2 2
2 3
1 2
1 1
1059 1059
966 967
1 2
1 2
2 2
1239 1240
11 11
2 2
2 2
2 2
2 2
1111 1111
2 2
1171 1173
1 2
5 5
2 2
1 1
2 2
1019 1019
1 2
987 988
1 3
1 2
2 2
2 2
2 2
2 2
1192 1192
1192 1193
1193 1193
1 1
1154 1154
1 1
4 5
1 1
1 2
1 3
2 2
2 2
1118 1119
5 6
2 2
1 1
2 2
1081 1081
2 2
3 3
994 994
1030 1030
1 1
1 1
1 2
2 2
1 1
2 2
913 914
1258 1259
1307 1308
1 2
1 2
1271 1271
4 5
2 2
1120 1120
2 2
1251 1251
1241 1241
1315 1315
1238 1238
2 2
1318 1319
1 2
1010 1011
14 15
2 2
2 2
1 1
2 2
1 1
1 3
5 5
2 2
4 5
2 2
2 2
1 2
1012 1013
2 2
1144 1145
1 2
1165 1165
1062 1063
1 1
2 2
2 2
2 2
3 3
2 2
2 2
2 2
3 4
1 2
2 2
1 1
4 4
755 756
1 3
2 3
11 11
848 848
2 2
2 2
896 897
2 2
1211 1212
1309 1310
1336 1337
1 1
1 1
1073 1073
1243 1243
2 2
1 3
2 2
2 2
1225 1226
1254 1254
1 2
1 2
1159 1159
5 5
1 2
2 2
1203 1203
1 1
1 1
1 1
997 999
1 2
1 1
911 911
1174 1174
1283 1283
5 5
1 2
1 1
1303 1303
1232 1233
1 2
1 3
1 2
1 2
1 2
2 2
2 2
1237 1237
2 2
2 2
2 2
2 2
1 2
2 2
2 2
1030 1032
1110 1112
1120 1120
2 2
2 2
1237 1237
1199 1199
1 1
1 1
1189 1189
2 2
2 2
1 2
2 2
1140 1140
1257 1257
1 1
2 2
2 2
1 2
1033 1033
1133 1134
1383 1383
1340 1340
1311 1312
2 2
2 2
1140 1140
2 2
1 2
1 1
1 2
1162 1163
2 2
1138 1138
1 1
1181 1182
2 2
1 1
1 1
1205 1205
1 1
1200 1200
1185 1185
2 3
1 2
1 1
1 2
1197 1197
2 2
1234 1235
2 3
1 1
2 2
1296 1297
1017 1018
1 2
1 1
1301 1302
2 2
1 2
1181 1182
1 2
2 2
1164 1165
1 1
1281 1282
2 2
1 2
2 2
1328 1328
1 1
1 1
1 1
1 1
945 945
1206 1207
1 1
1 1
1 2
1197 1197
2 2
2 2
5 5
1156 1156
2 2
4 4
1116 1117
1 2
1040 1040
2 2
2 2
2 2
1 2
2 2
2 2
1095 1095
1 3
1 2
1295 1295
1332 1333
1278 1278
5 5
1153 1153
1214 1214
1404 1405
1247 1247
1 1
1 2
1234 1234
2 2
1 2
1224 1224
2 2
1176 1176
1358 1359
2 2
1331 1332
1258 1258
5 5
1 1
1051 1051
1298 1299
1258 1260
1364 1364
1347 1348
1368 1368
1 1
1 2
1 2
1 1
1306 1307
1130 1130
1294 1295
1 2
1 2
1330 1330
2 2
2 2
1250 1251
2 2
987 987
1 2
5 5
1 1
1229 1230
1 2
2 2
1 2
1178 1178
1166 1166
1219 1219
1 2
1 1
1 1
1 2
1 2
2 2
1037 1038
1 1
1251 1252
1238 1239
1334 1334
1 2
2 2
6 7
2 2
2 2
1179 1179
1122 1122
2 2
2 2
2 2
2 2
1 1
1 2
1142 1142
2 2
2 2
1 2
2 2
1033 1033
1 2
1 1
1 1
3 3
973 973
1 2
2 2
2 2
991 992
1113 1113
2 3
1206 1207
1356 1356
1316 1316
1348 1348
1 1
1 1
1 1
1 1
2 2
3 4
1 2
1131 1131
2 2
2 3
5 6
2 2
3 3
1 3
2 2
879 879
2 2
1172 1172
2 2
1279 1280
1210 1210
1 1
1 2
1 1
2 2
1 1
1282 1282
1 2
1120 1120
1 1
2 2
3 3
2 2
2 2
1231 1231
1272 1272
1094 1094
2 2
1233 1233
1204 1204
1 1
1 1
2 2
2 2
2 2
5 6
5 5
1172 1172
1104 1104
1 1
2 2
2 2
2 3
2 3
1163 1164
2 2
1 1
3 3
1055 1055
1 1
1 2
1 2
1 1
1 1
1171 1172
1319 1319
1376 1376
2 2
1334 1334
1 1
1281 1282
2 2
1 1
1153 1153
1255 1255
1371 1373
1346 1346
1274 1274
1 2
2 2
1 1
1 2
1 2
1 2
1194 1195
1066 1066
2 2
2 2
2 2
1 2
1248 1248
1266 1266
1 1
1130 1131
1 1
1 2
1 2
1 1
1034 1034
1 2
1 1
2 2
2 3
1 1
2 2
2 2
2 2
1 2
2 2
978 979
1069 1070
1 1
1 2
1 1
892 893
1 2
1023 1024
1282 1282
1 2
1345 1347
2 2
1386 1387
2 2
1405 1405
1 1
1 1
1 2
1038 1039
1 3
1119 1119
1 2
1191 1191
1261 1262
1 1
2 2
2 2
1284 1286
1280 1280
1 2
2 2
2 2
2 2
1290 1290
1256 1256
1 2
1106 1106
2 2
1 2
1227 1227
1152 1153
2 2
2 2
1321 1321
1205 1206
1233 1233
1 2
2 2
1249 1251
1200 1201
5 5
2 2
2 2
1 1
1 1
1 2
2 2
1119 1120
1095 1096
1 2
2 2
1 2
1 1
1112 1113
2 3
1231 1232
1020 1020
2 2
1214 1216
1255 1255
1359 1360
1135 1136
1045 1046
1 1
2 2
2 2
2 2
1211 1211
1 1
2 2
1181 1181
2 3
1174 1175
1219 1220
3 3
1098 1100
1287 1288
6 6
2 2
1296 1296
1277 1277
1200 1200
1038 1038
1 2
2 2
5 6
1047 1047
2 3
2 2
1209 1210
1274 1274
2 3
1 3
2 2
1354 1355
1228 1228
2 2
2 2
1132 1132
1209 1210
1 1
1128 1130
1219 1219
1 3
2 2
2 3
1 2
2 3
1232 1232
2 2
4 5
2 2
995 997
1038 1038
1356 1357
1371 1371
1375 1375
2 3
1234 1235
1210 1211
2 2
2 2
2 2
1255 1256
1277 1278
1306 1306
2 2
1 1
1153 1153
4 5
1 2
2 2
1083 1084
6 6
1 3
1 3
1 3
1283 1283
1220 1221
1185 1186
1 2
1 2
1129 1131
1 1
1 2
1191 1191
1 2
1 1
2 2
1192 1193
1193 1194
2 2
1153 1153
1 1
1 2
1 2
5 5
1 2
1066 1067
2 2
2 2
2 2
3 3
1 2
2 2
1 2
1 2
808 809
2 2
1067 1067
2 2
1283 1283
1289 1289
2 2
32 33
1384 1385
1245 1246
1 1
1 1
1091 1092
1 1
1188 1188
2 2
1 2
1185 1185
2 2
2 2
2 3
2 3
1265 1265
1 1
1330 1330
1 1
1 1
3 3
1041 1041
2 2
1137 1137
1 2
1 1
1258 1258
2 2
2 2
1220 1220
2 2
2 2
1215 1215
1288 1288
1 2
1 2
2 2
1 1
1063 1064
1003 1003
1318 1318
1238 1238
2 2
2 2
1312 1312
2 2
1 1
2 2
1 1
1321 1321
1199 1200
1 2
1173 1173
2 2
1 2
2 2
1234 1235
1399 1399
1346 1347
1247 1247
1349 1349
2 2
1325 1326
1207 1207
1 1
1210 1211
1325 1326
1 2
2 2
2 2
1207 1207
3 3
1212 1212
2 2
1197 1197
2 2
5 5
1233 1234
2 2
1 1
1088 1090
2 2
2 2
1220 1220
2 2
1250 1251
1 2
1244 1245
1321 1321
5 5
1224 1224
2 2
1334 1334
1 3
1305 1305
1 2
1 2
1232 1232
1338 1338
2 2
2 2
1 2
2 2
2 2
1045 1046
2 2
2 2
2 2
1 1
2 2
1 1
864 864
1 1
1 2
1150 1150
2 2
2 2
1231 1232
1118 1118
5 5
1 1
2 2
1 1
1276 1276
1 1
3 3
2 3
897 898
1 1
2 2
2 2
5 5
1139 1139
2 2
2 2
1184 1184
1141 1141
1180 1180
3 3
2 2
2 2
1221 1221
4 4
2 2
3 3
1006 1007
2 3
1087 1087
1264 1265
1 2
1231 1232
1220 1220
1 2
1343 1344
1306 1307
2 2
2 2
1144 1145
2 2
2 2
4 4
2 2
1 3
1 3
1079 1079
2 2
1075 1076
2 2
2 2
5 5
1212 1212
1210 1210
2 2
5 5
1064 1064
1157 1157
1180 1180
1 1
1313 1313
1341 1341
2 2
1 2
1171 1171
1355 1356
1 2
2 2
1284 1284
1215 1216
1272 1272
1345 1346
2 2
1 2
1350 1350
3 3
5 5
2 2
1 2
2 2
1123 1123
2 2
2 2
971 971
2 2
2 2
1145 1146
2 2
2 2
1 1
1234 1234
1147 1147
2 3
1 1
1 2
3 3
1 1
2 2
1063 1063
1 2
1 2
1 1
1153 1154
2 2
2 2
1230 1230
1087 1088
1 1
3 3
5 5
1 1
2 2
1119 1120
1328 1328
2 2
1 1
2 4
948 948
2 2
3 3
1 2
1 1
3 3
1 1
2 2
7 7
5 5
1 1
806 806
2 2
2 3
878 879
1226 1226
2 2
1419 1421
1 1
5 6
1282 1289
1324 1324
1221 1221
2 2
1 2
2 3
2 2
2 2
1243 1244
1 2
2 2
1 1
1189 1189
1261 1262
1187 1189
2 2
1204 1204
1312 1312
1320 1320
1431 1432
1275 1275
2 2
2 2
1 2
2 2
2 2
9 9
2 2
2 2
5 5
1047 1047
1 1
1 1
1 2
2 2
957 957
2 2
2 2
1040 1041
2 2
1 2
1 1
1174 1174
1 1
1216 1216
1 2
4 5
1096 1097
2 2
1 2
1206 1207
2 3
1201 1202
1255 1256
1 1
1334 1334
1279 1280
1 2
1 2
1290 1291
2 2
1297 1298
1 2
1137 1137
1 1
2 2
1 2
1163 1164
1 1
1234 1235
1 1
2 2
1074 1074
1178 1180
1402 1403
1246 1246
1385 1385
1268 1268
2 2
1264 1265
2 2
2 2
1317 1318
1 2
1226 1227
1 3
1346 1346
1 3
1059 1059
1 2
2 2
2 2
2 2
2 2
1145 1145
5 6
2 2
1257 1257
2 2
1205 1206
1 1
1159 1159
2 2
1213 1214
2 2
2 2
1096 1097
1 2
1201 1202
1326 1327
1318 1319
1 1
1 2
2 2
2 3
1 2
3 3
1 2
953 955
1 2
2 2
9 15
1178 1178
1364 1364
1236 1237
1 2
2 2
2 2
1 2
1254 1254
1204 1204
1 2
2 2
1221 1221
2 2
2 2
1 3
1 3
2 2
2 3
1161 1161
2 2
1270 1270
2 3
1226 1226
1163 1163
2 2
1 2
2 2
1 1
1067 1068
2 2
2 3
1208 1208
1237 1238
6 6
5 6
1 1
1292 1292
2 2
1296 1296
2 2
4 5
2 2
2 2
2 2
972 972
2 2
1210 1210
1252 1252
1246 1246
2 2
1 1
1 2
2 2
1184 1185
2 2
1 2
1 2
1244 1246
2 2
2 2
2 2
2 2
2 2
2 2
1 2
839 839
1235 1235
1283 1283
1327 1327
1 1
1272 1273
1250 1250
2 2
1 1
1 1
1187 1188
2 2
1226 1226
2 2
2 2
2 3
2 2
1205 1205
1 2
1223 1223
2 2
1109 1109
2 2
2 2
2 2
1239 1240
1197 1197
2 2
1311 1311
1 1
4 4
2 2
1213 1213
1 1
1352 1352
1 2
1 2
5 5
1 1
893 894
1 2
1184 1184
2 2
2 2
1254 1254
1 2
1338 1338
2 2
1367 1367
1 2
2 2
2 2
1 2
1005 1006
4 6
1 2
2 2
2 2
1 1
1 2
1 2
1 2
899 900
2 2
994 994
2 2
1218 1219
1 1
2 2
1238 1239
1 1
1299 1299
1136 1137
1 2
1 2
2 2
1239 1241
2 2
2 2
1 1
2 2
1 1
1 2
1122 1124
2 2
2 2
1 2
1082 1084
1027 1027
2 2
1 2
2 2
1 2
1 2
1 2
2 2
1 2
1 1
2 2
745 746
2 2
1 2
1 2
1 1
1 2
832 832
2 2
1 2
1 1
1014 1015
1 1
2 2
1 1
2 2
2 2
1 1
1 1
1081 1082
2 2
1220 1220
4 4
2 2
1070 1071
1 2
3 3
2 2
2 2
2 2
996 996
1 2
1 2
2 2
2 2
2 2
1163 1164
1145 1145
1 2
2 2
1242 1242
1385 1385
1 3
1283 1285
1 1
1 2
2 2
1 2
1 1
1 2
1 2
1 2
4 5
2 2
1084 1085
1081 1081
1144 1144
1236 1237
2 2
2 2
1301 1301
1276 1277
2 2
1 1
2 2
1153 1153
1 1
2 2
1122 1122
1308 1308
2 2
1250 1252
1293 1294
2 2
1 2
1292 1293
2 2
1372 1372
1 2
1 1
1 2
2 2
1155 1155
2 2
1 2
1 3
1016 1017
2 2
1276 1277
1193 1193
2 2
1 2
1 1
1 1
1148 1148
1 2
1 1
1128 1129
2 2
1 2
3 4
1011 1012
2 2
3 3
2 2
1 1
1 1
1 2
1 1
1 1
5 5
1 2
847 847
1151 1151
1114 1116
1172 1172
2 2
3 3
1354 1355
1347 1348
2 2
2 2
2 3
1 2
1173 1174
2 3
2 2
2 2
2 2
2 2
1126 1127
1 2
1035 1036
1231 1231
1 2
1267 1267
1 2
1310 1310
2 2
1 2
1285 1285
4 4
1186 1205
1 1
4 4
1 1
1181 1181
1 2
1272 1273
1203 1203
2 2
2 3
1254 1254
1270 1270
1253 1253
4 6
1 1
2 2
1223 1224
1 2
1291 1292
2 2
1372 1373
1 1
1 1
1160 1160
1 1
2 2
899 900
1179 1181
2 2
2 2
1 2
1357 1357
1383 1383
2 2
1 1
1336 1337
3 3
1 1
1 2
1042 1042
1 2
1 1
2 2
2 2
1 1
1 1
2 2
1 2
1 2
1 1
944 944
1167 1167
1 2
1221 1221
1362 1363
2 2
1365 1366
1182 1182
3 3
2 2
1 3
2 2
2 2
1217 1217
2 2
1229 1229
1 2
2 2
2 2
1268 1268
1183 1183
1145 1145
5 5
1 2
1162 1163
1280 1281
1338 1338
1283 1284
2 2
1291 1291
1287 1287
2 2
1317 1318
1217 1217
1 1
2 2
1321 1321
9 9
1 1
1 2
1063 1063
2 2
2 2
1082 1083
2 2
1227 1228
1120 1121
2 2
2 2
2 2
1175 1176
3 3
2 3
2 2
2 3
5 5
1127 1128
1 1
4 5
2 2
2 2
2 2
1071 1072
1 2
2 2
2 2
904 904
1 3
2 2
2 2
1 1
4 5
2 2
4 4
2 2
2 2
1 2
936 936
2 2
2 2
1127 1128
1 1
2 2
1 2
814 815
1 2
1 1
1 2
2 2
1 2
1136 1136
1353 1353
1380 1381
1340 1341
2 2
1273 1273
1 3
1 1
1 2
5 5
3 3
2 3
1 2
2 2
2 2
2 2
1 1
933 933
1 2
1 2
2 2
2 2
1109 1109
2 3
1202 1203
1016 1016
2 2
1 1
2 2
2 2
2 2
2 2
1183 1183
1242 1244
1075 1075
1277 1278
1399 1399
1 3
1 1
1281 1281
1 1
1 2
1266 1267
2 2
1 2
2 3
1 2
2 2
2 2
1159 1159
2 2
4 4
2 2
2 3
1 1
2 2
1 2
1 1
967 968
848 848
1206 1206
1196 1196
1379 1380
1338 1338
1391 1391
1 1
2 2
2 2
2 3
1238 1238
2 2
1218 1219
1156 1157
1286 1286
1 2
1375 1376
1331 1332
1227 1228
1 2
0 0
1164 1165
2 2
2 2
2 2
2 3
1212 1212
2 3
2 2
2 2
4 4
1242 1242
1063 1064
1174 1175
2 3
1249 1249
1275 1275
2 2
1351 1352
18 18
1 3
2 2
2 3
2 2
1222 1222
1145 1145
1386 1386
2 2
1345 1346
1342 1342
2 2
1 2
1 1
1195 1195
9 9
1 1
1132 1134
2 2
1 1
2 2
1 1
2 2
1 2
2 2
1 1
2 2
2 2
910 912
2 2
1095 1097
1 2
1 1
1 1
2 2
1004 1004
2 2
1265 1266
2 2
1183 1183
1 1
1 2
2 2
2 2
1 2
1 1
2 2
1125 1126
1 1
1 1
1176 1176
1198 1198
1132 1132
1311 1311
1332 1332
1386 1387
1368 1368
1288 1289
2 3
2 2
1 2
1189 1189
1331 1333
1353 1354
1361 1361
2 2
1341 1341
4 4
1263 1263
1326 1326
1246 1246
1426 1426
1 2
1 1
1311 1313
1 2
2 3
1146 1147
1303 1304
1338 1338
1371 1371
2 2
1238 1239
1 1
1 2
2 2
2 2
1 2
1088 1088
2 2
2 2
2 2
1029 1029
1323 1324
1339 1340
2 2
1319 1319
1276 1277
2 2
12 12
2 2
1176 1176
1173 1174
1319 1320
1364 1364
2 2
2 2
1 2
2 2
1306 1308
2 2
1165 1165
1 1
1 2
5 5
1 1
3 3
1 2
3 4
867 867
2 2
4 5
1 2
2 2
1 2
857 857
1 2
1 2
1075 1075
2 2
2 2
1205 1205
1131 1131
1129 1129
2 2
2 2
2 4
1263 1265
1138 1138
2 2
1 2
1 1
1 2
1259 1259
1 2
4 4
2 2
1163 1163
1197 1198
1 3
2 2
2 2
2 2
2 2
1 1
1 1
1078 1079
2 2
1 1
962 963
1 2
2 2
1276 1276
1255 1255
2 2
1212 1212
1 1
2 2
1 1
1 1
1 2
2 2
1065 1065
2 2
1 1
1 2
2 2
1089 1089
2 2
1143 1143
1 1
1076 1076
1 2
1109 1109
1203 1203
4 4
1347 1347
3 3
1333 1334
1220 1221
1 1
1237 1237
1 2
1 1
2 2
2 2
1 1
2 2
2 2
1 2
1011 1011
2 2
2 2
1 2
1 2
1 1
2 2
2 2
1004 1004
6 6
1 2
1037 1037
2 2
1 2
2 2
2 2
2 2
1 2
1054 1054
855 856
1203 1204
1421 1422
1341 1341
1373 1373
2 2
1328 1328
2 2
2 2
1283 1283
1116 1116
2 2
1214 1214
1312 1312
1 2
1 2
1304 1305
1 2
1084 1084
1 2
2 3
3 4
2 2
4 4
2 2
4 4
2 3
4 4
2 2
1024 1024
1194 1194
1 1
1 2
1 1
1 2
893 893
1 3
1124 1124
1367 1368
1395 1395
1370 1370
1362 1362
2 2
1 3
1 2
2 2
1080 1081
1218 1218
1200 1200
1205 1205
1211 1211