36 78
56 93
6 7
3 3
2 2
2 4
1152 1192
1287 1327
3 3
2 2
1326 1327
2 4
3 4
3 3
1335 1336
5 6
1230 1231
6 7
2 3
2 3
2 2
2 2
2 4
793 795
1 3
1 3
1 3
3 3
3 5
2 3
2 3
2 3
2 2
2 3
932 932
1098 1098
1262 1264
3 3
1161 1161
1269 1271
1 3
2 2
3 3
2 4
1243 1245
2 3
1398 1399
7 7
2 2
2 2
1125 1126
2 2
1146 1147
3 3
2 2
1400 1402
1353 1354
1284 1284
1 2
2 3
2 2
1343 1345
2 3
1 2
1 3
2 2
971 973
2 3
1 2
2 2
2 3
1 3
1 3
1 3
1 3
2 2
849 850
3 3
2 3
3 4
2 2
911 912
1329 1330
1201 1203
2 3
2 3
3 3
2 3
2 3
1205 1206
7 8
1137 1138
1248 1251
5 5
1 2
2 4
2 2
1 2
3 3
1 2
12 13
1 3
9 10
1 2
871 872
2 2
1 3
1 3
1 3
2 3
2 3
928 929
2 2
1 3
2 2
1 2
1 2
2 3
2 3
968 970
2 3
1 2
961 962
2 2
2 4
2 2
3 4
1116 1117
2 3
1 1
1 2
1062 1065
1153 1154
1277 1279
1358 1358
2 2
1349 1350
2 3
1368 1368
1102 1102
2 2
2 3
1089 1091
1168 1169
1 3
2 2
1244 1245
1 2
1 2
1 2
1 2
1 2
1140 1140
1 2
1221 1222
1228 1229
2 2
1 2
3 3
4 4
5 5
5 5
10 10
11 12
954 955
2 3
2 2
2 2
2 2
1 2
892 893
1302 1303
1375 1375
1334 1335
1 3
2 2
1 3
1401 1402
1328 1330
1449 1450
2 3
1390 1390
2 4
2 3
1342 1342
1376 1377
2 3
1188 1190
3 3
17 18
3 4
1 2
1 3
1169 1170
6 6
2 2
1258 1258
2 2
1220 1221
2 3
1261 1262
1306 1307
1167 1169
1288 1290
1 2
1320 1321
1401 1401
2 2
1308 1310
2 2
2 2
2 3
1 2
1 2
2 2
2 2
1 3
1 3
1165 1166
1044 1046
1 1
1022 1024
965 966
2 3
6 7
2 3
4 4
2 3
5 6
1245 1245
1281 1282
1356 1357
1365 1366
2 3
2 2
2 3
1422 1423
1 2
1 3
1 3
1 3
2 2
5 6
1125 1125
1076 1078
1 2
14 14
2 2
1104 1104
1 3
2 3
1086 1087
1247 1248
1373 1373
2 2
5 6
1332 1332
1398 1399
2 3
1310 1312
5 6
1 3
2 2
2 2
5 6
1257 1257
1236 1237
1162 1162
3 3
1193 1194
1 3
1221 1221
1321 1322
2 3
1357 1357
1324 1324
2 2
1 1
1177 1179
1 2
2 3
2 2
4 4
5 6
12 13
2 2
1137 1138
2 2
4 4
1151 1152
1227 1227
1215 1215
1341 1341
5 6
1486 1487
1 2
1148 1149
1350 1350
1371 1371
1 2
2 3
1310 1310
1 2
1278 1279
2 2
1158 1159
1172 1173
1120 1122
4 6
1 2
5 5
1 2
1 3
2 2
1 3
2 2
1182 1182
2 2
1123 1124
1 2
1 2
2 2
1171 1172
1157 1157
2 3
2 2
2 3
1 3
1155 1155
1197 1198
1043 1045
1 2
5 5
8 8
843 843
2 3
3 3
2 2
1 2
2 2
3 3
4 4
1 3
1096 1096
2 3
1114 1115
1305 1307
1370 1371
1361 1361
5 5
1255 1255
1279 1280
1061 1062
1 1
1 1
1299 1300
2 3
1361 1362
2 3
1127 1129
1285 1286
1176 1176
2 2
2 3
2 3
2 2
2 3
852 853
1 2
1 1
16 16
2 3
2 3
2 3
2 3
939 939
1034 1036
1038 1039
2 2
8 8
9 9
6 7
1 3
1159 1159
1 3
2 3
943 943
1221 1223
1176 1176
2 3
1095 1096
2 3
1103 1105
955 955
837 839
2 2
1 2
1 2
2 2
1 2
1 2
1057 1058
1176 1177
1342 1343
1349 1349
2 2
1 2
1 2
1 2
1271 1272
1 2
1177 1178
1079 1080
1320 1320
1 2
2 2
1 2
2 2
1 2
1245 1246
1 2
1 2
1194 1196
2 2
1276 1277
1146 1146
1 2
1 1
7 7
1 1
3 4
1109 1109
2 3
1048 1049
956 957
2 2
1340 1340
1352 1354
5 5
1103 1103
1242 1243
2 3
1 3
2 2
1138 1139
2 3
2 3
3 3
1199 1201
1207 1207
2 2
2 2
2 3
2 3
2 3
1 2
1172 1172
1 3
1148 1149
1261 1263
2 3
1339 1340
1184 1184
3 3
17 17
1 2
1287 1287
1311 1312
2 2
3 4
2 2
1193 1194
2 2
3 3
1089 1090
1195 1196
1347 1347
1 2
2 2
1 1
2 2
1 2
1305 1305
1310 1310
3 4
7 7
1 2
3 3
837 837
1 2
1 3
2 3
840 841
1 1
1 2
1143 1144
2 3
1243 1243
1268 1268
1 2
2 2
4 4
2 3
1161 1161
2 2
1216 1218
2 2
9 10
1221 1221
1211 1211
1 2
1267 1268
1303 1304
1332 1333
2 2
2 2
1216 1216
1 1
4 4
2 3
2 2
1274 1275
2 2
2 2
4 4
978 978
2 3
2 2
996 997
1 2
1 2
2 2
1 1
2 2
4 5
3 5
4 6
2 2
623 623
2 2
1 2
1221 1222
2 2
1228 1228
2 2
1345 1346
1168 1168
2 2
2 2
1 1
2 2
1271 1272
1 1
1 1
3 3
5 5
1 3
2 2
3 3
2 2
2 2
697 697
2 2
2 3
2 2
2 2
3 3
806 806
2 2
2 2
1153 1153
2 3
1262 1262
1043 1049
2 2
1 2
2 2
1 2
981 981
2 3
1 1
1092 1093
775 775
2 2
12 12
2 3
2 2
4 6
5 5
930 930
1 2
1 2
2 2
2 2
3 3
11 12
2 2
1 2
1 2
1 2
1050 1050
1074 1074
1 2
1 1
1028 1028
1 2
1 1
3 4
2 2
1 2
3 3
4 4
2 3
3 4
963 964
1095 1095
3 3
2 3
1248 1249
1 2
4 5
1219 1219
1305 1305
2 2
2 3
895 896
2 2
2 3
2 2
2 2
3 3
3 3
3 3
1 3
3 3
959 960
765 765
839 839
1 1
10 11
8 9
3 3
4 4
2 2
579 580
2 2
4 4
585 586
1239 1240
1349 1351
1379 1380
1421 1423
2 2
1 1
1472 1472
4 4
16 17
1 2
3 3
12 12
643 644
629 630
2 2
2 2
18 18
810 810
809 809
866 867
1 1
2 2
1 2
2 2
3 4
6 6
6 6
2 2
1 3
662 663
664 665
1 1
9 9
1 2
1 2
1266 1267
1272 1272
1185 1185
1194 1195
1083 1083
1 1
1 1
2 2
2 2
1 2
2 3
2 2
2 2
2 2
753 753
2 2
1 2
2 2
971 972
992 992
1 2
2 2
2 2
1063 1065
979 980
970 971
2 3
1 1
1 1
3 3
1152 1152
2 2
1 2
1340 1340
1241 1241
1332 1332
2 2
3 3
1387 1387
1 3
2 2
2 2
2 2
2 2
3 3
4 4
2 2
1 2
2 3
2 2
864 864
2 2
1165 1166
1214 1215
2 2
1 2
2 2
1334 1334
1257 1257
1 3
1 1
1 2
1099 1100
1 2
1284 1284
1353 1354
1303 1303
1357 1358
1072 1072
1 1
2 3
4 5
6 6
2 2
3 4
3 4
5 5
2 2
2 3
9 9
17 17
941 941
1404 1405
1326 1330
1401 1401
1335 1336
10 11
1 2
2 2
2 2
1 2
955 960
10 10
2 2
9 9
2 2
1177 1177
2 3
2 2
1 2
1300 1301
1283 1283
1 1
1160 1161
1 2
1146 1146
1 2
2 2
2 2
2 3
1224 1225
2 2
1321 1322
1322 1323
2 3
2 3
1307 1308
1260 1261
2 2
1 2
2 2
3 3
1 2
1070 1071
1 2
1195 1195
1 2
1 1
1 2
1 1
1 2
1232 1233
1220 1220
2 2
1069 1069
1 2
3 3
2 2
1222 1224
2 2
1193 1193
1257 1257
2 3
1 2
1237 1237
2 2
1 1
1351 1352
1 2
2 2
1 2
1001 1001
1 2
1137 1137
2 2
2 2
5 6
1175 1175
1 2
1 1
1 1
1309 1309
1244 1244
1 2
970 971
1 2
1369 1369
1232 1233
1 2
2 2
1302 1302
1365 1366
5 5
1363 1363
6 6
2 2
1257 1258
1215 1215
1 2
1 2
2 2
1297 1297
1266 1266
1183 1184
1 2
1 2
1 2
1 2
1087 1088
1 1
1191 1191
1305 1306
1 3
1 2
1248 1249
2 2
3 3
1212 1212
6 6
2 2
1 2
3 4
2 2
2 2
1003 1004
2 3
1 2
2 2
1004 1004
1 1
2 2
1167 1168
1 2
3 3
1198 1198
1107 1108
2 2
3 3
2 2
2 3
946 947
2 2
2 2
3 3
2 2
794 795
922 922
1 2
1 2
1109 1110
1236 1236
1 1
1 1
1219 1219
1223 1224
2 3
4 5
2 2
2 3
1044 1045
1283 1284
1129 1130
1302 1303
1295 1295
1 1
1331 1331
1 2
2 2
4 5
1 2
1 2
2 2
1128 1128
1 3
1 1
1251 1252
2 2
1 2
861 862
2 2
1 1
7 7
1079 1079
2 2
1 2
1 1
1 1
2 2
1132 1133
1180 1180
2 2
2 3
1042 1042
2 2
2 2
1082 1082
1329 1329
2 3
1290 1290
2 2
1 2
1400 1402
1 2
1333 1333
3 3
1183 1183
3 3
1 1
2 2
1 1
1 3
3 3
2 2
2 2
2 2
1132 1132
1 1
1299 1299
1201 1202
1351 1351
2 2
2 2
3 3
1 1
1057 1057
1 2
2 2
1 1
1 1
1 2
1 1
1 2
887 887
2 2
1 3
1016 1016
5 5
1195 1195
1 2
1238 1238
1368 1369
1 2
2 2
1308 1309
2 2
1177 1178
1 2
1 2
1 1
2 2
1242 1243
1141 1141
2 2
2 2
1188 1190
1 2
2 2
1366 1366
2 2
1150 1150
2 2
4 4
1349 1349
2 2
1 1
1 1
1 2
1108 1108
1 2
4 4
869 869
1319 1320
1 1
1301 1302
1376 1376
1366 1367
1360 1361
1 2
1453 1453
1414 1415
1284 1285
2 2
1362 1362
1 1
2 3
1203 1203
1322 1322
5 6
4 5
1404 1404
1379 1381
1290 1290
1320 1320
1 2
1 2
1 1
1 2
2 2
1 2
2 2
2 2
2 2
2 2
2 3
2 2
990 992
2 2
2 2
1310 1310
1346 1347
1243 1243
2 2
2 2
1346 1347
1196 1197
2 3
2 3
1188 1188
1 2
1 2
1266 1267
2 2
1330 1330
1214 1214
1 1
1 1
2 2
5 5
5 6
1 1
1 2
1160 1162
1209 1209
1308 1309
1309 1310
2 2
1279 1280
2 3
2 3
1 1
1258 1258
2 2
1 2
2 3
5 5
1101 1102
1244 1244
2 2
2 3
1 2
1325 1325
2 2
1 1
1 1
1 2
1 1
907 907
1 3
1 3
3 3
1 2
1043 1043
2 2
1 3
996 996
1242 1242
1314 1315
3 3
1 2
1338 1338
2 2
1163 1163
1 2
1 2
1225 1226
1 2
2 2
2 2
2 3
1 2
1067 1067
2 2
1 1
2 2
2 2
2 2
1022 1022
1103 1104
2 3
1 2
1180 1180
1146 1147
1378 1378
1347 1347
1 1
2 2
1344 1344
2 2
1 3
1 2
2 2
1225 1225
1 2
1 1
1 2
1 2
1054 1055
954 954
1332 1333
1 2
1398 1400
1 1
1406 1407
2 2
1 2
1 2
1264 1264
2 2
1125 1126
1345 1345
1400 1400
1 2
1322 1322
2 2
2 2
1213 1213
1 2
1328 1328
1 1
2 2
5 5
1 2
2 2
1 1
2 3
2 2
7 7
1 2
928 928
1 1
1144 1145
1277 1277
1430 1431
1347 1347
2 2
2 2
2 2
2 2
1220 1222
1278 1278
2 2
1 1
1354 1354
1272 1273
1401 1401
2 2
2 3
1 3
1328 1328
1217 1217
1034 1035
1503 1505
2 2
2 3
2 2
1325 1326
1331 1331
1 1
1 2
1206 1207
2 2
2 3
1258 1258
2 2
2 2
1213 1214
1 3
2 2
2 3
1289 1289
2 2
1244 1244
1 1
1158 1158
1 2
0 1
1 2
1 1
1153 1155
2 2
1 2
1076 1077
2 2
1 1
2 2
1284 1285
2 2
1307 1308
1270 1271
1286 1286
1 2
1 1
2 2
2 2
1 3
1 1
1 2
1207 1208
1251 1251
1269 1270
1312 1312
1 2
1263 1263
2 2
2 2
1 2
1401 1403
1273 1273
1263 1263
1338 1338
1 2
2 2
1 2
1 2
2 2
2 2
1113 1113
2 2
1 3
1150 1152
1269 1269
1158 1158
4 5
4 5
2 2
1 2
2 2
1179 1179
1 2
1151 1151
2 2
1 2
1105 1105
1064 1064
1229 1229
1402 1402
1434 1435
1302 1303
1 1
2 2
1366 1366
1 2
1 2
1071 1071
1289 1291
1335 1335
1318 1318
2 3
2 2
1 2
1236 1237
1 2
1 2
1 1
1196 1196
2 2
1287 1288
1157 1158
1 1
1193 1193
1349 1350
1427 1428
2 2
1229 1229
1380 1380
1256 1256
4 4
2 3
2 2
1224 1224
1294 1294
1 2
2 2
1 1
1304 1305
1 2
2 2
2 2
2 2
1256 1257
1171 1172
1 2
2 2
1142 1143
1 2
2 2
1 2
1 2
1326 1326
1316 1316
1257 1257
1314 1314
3 3
2 2
9 10
2 2
2 3
1094 1095
1311 1311
1 1
1375 1376
2 2
1420 1421
1393 1393
11 11
1 1
1 3
1202 1202
1 1
1271 1271
1 2
1357 1357
2 2
1356 1356
1263 1264
1 2
2 2
1184 1185
2 2
1 1
6 6
6 8
1 2
3 3
2 2
3 3
1 1
2 3
1 2
1 2
864 864
2 3
1073 1073
2 2
1 2
1150 1151
1181 1183
1 3
5 5
1197 1197
1 2
2 2
1 1
2 2
2 2
1 1
1170 1172
1235 1237
2 2
2 2
1188 1189
1 1
1 1
2 3
2 3
975 976
2 2
2 2
2 2
2 3
2 2
1 2
4 4
878 879
3 3
1 3
2 2
996 996
2 2
2 3
2 2
1 2
2 2
2 2
961 961
856 857
1336 1337
1 1
1436 1436
1362 1363
1363 1363
3 3
1260 1261
2 2
1 2
2 2
1311 1311
1325 1327
1368 1368
1 2
1353 1354
1 1
2 2
2 2
1 1
1052 1054
1 2
1 1
2 2
2 2
2 2
2 2
2 3
2 2
5 5
2 2
2 3
2 3
891 892
2 2
5 5
1024 1024
1253 1253
1 1
1 2
1277 1277
1230 1230
1 3
1178 1179
2 2
1 3
1343 1345
3 3
1336 1336
1343 1344
1136 1137
1 2
1 3
1281 1282
1295 1296
2 2
1 2
1220 1220
1315 1316
4 5
2 2
5 5
1 2
1227 1227
1 2
1 1
1216 1217
1349 1350
1271 1272
1233 1233
2 2
2 3
1350 1350
2 3
1303 1304
2 3
2 2
1203 1204
1 2
5 6
1237 1237
1 2
1266 1268
2 3
2 3
1347 1347
1277 1278
1 3
1331 1333
2 3
1186 1186
2 2
2 3
5 6
1185 1185
1310 1310
1270 1270
2 2
1264 1264
1203 1203
2 2
2 2
4 4
2 2
2 2
3 3
5 5
1 1
828 828
2 2
5 5
2 2
2 2
5 6
5 6
1108 1108
1244 1244
1357 1357
1359 1360
2 2
1 1
1195 1196
2 3
5 5
1 2
1126 1126
1265 1266
4 5
2 2
2 3
3 3
1 2
2 2
1208 1208
1126 1127
1123 1123
2 2
1 2
1 2
2 2
1 1
2 2
1 1
2 2
1 2
1222 1222
1199 1200
1239 1241
1191 1192
2 3
2 2
2 2
1392 1393
1 1
1 2
2 3
2 2
5 5
1096 1096
1138 1138
1144 1145
1106 1107
2 2
1221 1221
1327 1328
1 1
1257 1257
2 2
1196 1196
2 3
5 5
5 5
1 3
1 1
1173 1173
2 2
2 2
1127 1127
1297 1298
1300 1300
1 1
1330 1331
2 2
1 1
1 2
2 2
2 2
1297 1297
2 2
1097 1098
1 2
1 2
1 2
1 1
1 2
1092 1092
1 2
1 2
2 3
1015 1016
2 2
2 2
1 2
2 2
1035 1036
2 2
1 2
966 966
1207 1207
1 2
1 1
1217 1217
4 5
1276 1277
1359 1360
1394 1395
1 1
1 2
4 6
1260 1260
2 2
1288 1288
1398 1398
1 2
1 1
1307 1307
1143 1144
1 1
1344 1344
1251 1251
1 2
1327 1328
1 2
2 2
2 2
1296 1296
1242 1242
1 2
1273 1273
1362 1362
1 1
2 2
1245 1245
1 1
1182 1182
1353 1354
2 2
1 2
2 2
2 2
1 2
2 3
2 2
1 1
1 1
1177 1177
1 2
1118 1119
2 2
2 2
1 1
1161 1161
2 2
1141 1141
1182 1182
1199 1199
1312 1312
1420 1420
1 2
1 2
1342 1342
5 6
1166 1166
2 2
2 2
1268 1269
1 1
5 5
1260 1260
1406 1407
1402 1403
1193 1194
2 2
2 2
2 3
2 2
1298 1298
1 2
1 1
1 2
1125 1125
1 3
1377 1379
1 2
1 1
3 3
1 2
5 6
1120 1120
1 3
1152 1152
2 2
1 2
1320 1321
1 1
1350 1352
1418 1418
1294 1294
3 3
2 2
2 2
1222 1223
1380 1380
1387 1388
2 2
1 2
1338 1339
1366 1366
2 2
1439 1439
2 2
1 1
1 2
5 5
2 2
2 2
1197 1199
1299 1300
1430 1431
1386 1387
1 3
1418 1419
1 1
1379 1380
1203 1204
1 2
1216 1216
2 2
2 3
2 4
1270 1270
1314 1315
1369 1369
1304 1304
1378 1380
1239 1239
1340 1341
2 2
5 6
1 1
1 2
1 1
2 2
1 2
1 1
1 1
1015 1016
1149 1150
1 2
2 2
1 2
1056 1056
1168 1168
1344 1345
1222 1223
2 2
2 3
1 2
1161 1161
2 2
1213 1213
1238 1239
1 1
1129 1129
1 3
1224 1224
2 2
1311 1312
1373 1374
1 2
1 1
1275 1275
2 2
1 2
2 2
3 3
2 2
2 2
3 3
1 2
2 2
2 2
3 3
2 2
4 4
2 2
868 868
2 2
741 741
1 2
1 2
2 2
1175 1175
2 3
2 2
1315 1315
1258 1258
1 3
1 2
1293 1293
1 2
1 1
1 2
1189 1189
2 2
2 2
2 3
1 2
2 2
2 2
1202 1202
1 2
1054 1054
2 2
1269 1269
1388 1388
1276 1276
1 3
1 2
1277 1278
2 2
1318 1319
1194 1195
2 3
3 3
1306 1306
1085 1085
4 5
1 1
1 2
1 1
2 2
1 1
1 2
1124 1124
1285 1287
2 2
2 2
1074 1076
1 2
1322 1323
1306 1307
1 3
1 2
1227 1228
1 3
2 2
1329 1329
2 2
1 2
1274 1275
1 2
1 2
1 2
1 2
2 2
2 2
1 2
1118 1119
1 2
2 2
1123 1124
2 2
1 2
2 2
1031 1032
1126 1126
2 2
1 2
1378 1378
1325 1325
1326 1327
2 2
1340 1340
1235 1235
2 2
1361 1361
1360 1361
1317 1318
1350 1351
1 1
1 1
2 2
3 4
1085 1085
5 6
1 2
2 2
1 1
1 2
1 2
1046 1047
2 3
2 3
1172 1173
1 2
1 2
1 2
1252 1252
5 5
1324 1324
1282 1283
2 2
2 20
2 2
1201 1202
1 1
1 3
1026 1026
1 2
1 2
2 2
1 2
1266 1266
1 2
1240 1240
1259 1261
3 3
2 2
1201 1202
2 2
2 2
2 2
1 1
1234 1235
1327 1327
1317 1317
2 2
1 3
1 1
2 2
1323 1323
1 2
2 2
2 2
1158 1159
1 3
1209 1210
2 3
2 3
2 2
1165 1165
1 1
1 2
2 2
2 3
1 3
1006 1006
2 2
1216 1216
2 2
1159 1160
1296 1297
1 2
1302 1303
2 2
1376 1377
2 2
1 2
1 2
1208 1208
2 2
1094 1095
1 2
1 2
1264 1264
5 5
1 2
1355 1355
1355 1356
1 2
1323 1323
1331 1332
1 1
5 5
1184 1184
1 1
1 1
1 2
2 2
1187 1187
2 2
1 2
1273 1273
1182 1183
1322 1323
2 2
2 3
1238 1238
1311 1312
2 2
2 2
1373 1373
1375 1376
2 3
2 2
1 2
1 1
1 1
1171 1171
1079 1079
1 2
2 2
2 3
1306 1306
1 2
1293 1295
1 1
1281 1281
1165 1165
2 2
2 2
2 3
3 3
2 2
1 3
998 998
2 2
1200 1201
1 2
2 3
1267 1267
1270 1271
1 2
1196 1196
2 2
2 3
1162 1163
2 2
1251 1251
1342 1342
2 2
2 2
1310 1310
1417 1419
1 1
2 2
2 2
1190 1190
1 2
2 2
2 2
2 3
2 2
1060 1060
2 2
1189 1189
1277 1279
1354 1354
2 2
5 5
1304 1304
3 3
2 2
2 2
1 2
1 2
1 2
2 2
1179 1179
1 2
1192 1192
1059 1060
1 2
1247 1247
1215 1216
1346 1346
7 7
4 5
1245 1246
5 5
2 2
2 2
1370 1370
1208 1208
1231 1231
1244 1244
2 2
1261 1262
2 2
2 2
1421 1421
1302 1304
1345 1345
1295 1296
2 2
2 2
4 6
1 1
2 2
1 2
1041 1042
1249 1249
2 3
2 3
2 2
1 2
1 1
1 2
1277 1278
1 3
1182 1183
1101 1102
2 3
1197 1199
2 3
2 3
1096 1096
2 2
2 2
1271 1272
2 2
4 4
5 5
2 2
927 928
1 2
1 2
2 2
1 1
1 2
1 2
2 2
1 2
849 849
1 2
1 1
1 2
1 3
2 2
937 938
1045 1046
2 2
1365 1366
1294 1296
1 2
2 2
1327 1327
1189 1189
1249 1250
3 3
2 3
2 2
1310 1312
1290 1291
2 3
1412 1412
2 2
2 2
1308 1308
2 2
1 2
1099 1101
9 9
1 1
2 2
2 3
2 3
1010 1011
2 2
2 2
2 2
1 1
2 2
2 2
1207 1207
2 2
1228 1228
1 2
1292 1292
1272 1273
2 2
1051 1051
1 2
1321 1321
1389 1389
1381 1382
2 2
1260 1261
1 2
1 2
2 3
3 3
2 2
1193 1194
5 5
2 2
1231 1231
1213 1214
2 2
1256 1257
1 1
3 3
2 2
1184 1184
1117 1117
1 2
2 2
1196 1196
4 6
1342 1343
2 2
1360 1360
1332 1333
2 2
1242 1242
1364 1365
1319 1320
1374 1374
2 2
1 1
1 2
1179 1180
1 2
1 2
2 2
1230 1230
1176 1177
1 2
1 1
2 2
1 2
1 2
1 2
1353 1354
1194 1194
2 2
1 1
1 3
1202 1202
2 2
1107 1107
1261 1261
1236 1236
1386 1387
1338 1340
1 3
1346 1346
1 2
1 1
1 1
2 2
1 1
1 2
1 2
2 2
1 3
2 2
1142 1142
1207 1207
1 1
2 2
1177 1177
1124 1124
1342 1343
1 2
1304 1304
6 6
1365 1367
2 2
1 1
5 5
1254 1254
2 2
1329 1330
2 3
3 3
2 2
1 2
957 957
2 2
2 2
1 2
2 3
1 2
1 2
1210 1210
2 2
1 3
1 2
1218 1218
1186 1187
1294 1294
2 2
2 2
1 3
1 1
2 2
2 2
1069 1070
2 2
3 3
2 3
1132 1132
1169 1170
1 2
1301 1302
1372 1372
2 3
2 2
2 2
4 5
5 5
3 3
4 5
2 2
1 1
2 2
2 3
1 1
2 3
2 3
987 987
1185 1187
5 5
883 883
1 2
3 3
2 2
2 3
2 2
2 2
2 3
2 3
1040 1040
1141 1142
2 2
1 2
1170 1171
2 2
2 2
1 2
1 2
5 5
1266 1267
1 1
2 3
6 6
2 2
1085 1085
1015 1015
1 1
2 2
1 2
1 1
1 1
1254 1254
1258 1259
2 2
1 2
1223 1223
1221 1222
2 3
1 2
1414 1414
1 2
2 2
1225 1225
1321 1323
2 2
2 2
1349 1349
1375 1376
2 2
2 3
2 2
1 1
2 2
1 2
1 2
1077 1078
1254 1254
1189 1189
2 2
1 2
1149 1149
1 2
1214 1215
1279 1279
1365 1365
1381 1382
1419 1420
1298 1299
1274 1275
2 2
5 6
2 2
1252 1252
2 2
1281 1282
1 2
1250 1250
1 1
1 1
2 2
1 1
1104 1105
1164 1164
5 6
1 3
2 2
1379 1379
1305 1305
1334 1335
2 2
1 1
1290 1290
2 3
2 3
1 1
3 3
2 3
2 2
2 2
1 2
939 940
1 2
1 2
1098 1099
2 2
1363 1364
1349 1349
1312 1312
1 2
1 1
1141 1141
2 2
2 3
1 1
1 1
3 3
2 3
2 3
2 2
888 888
1045 1046
1 2
1241 1242
1384 1385
2 2
1400 1401
1296 1305
2 2
1 1
1 2
1194 1194
2 3
2 2
1109 1110
1326 1328
1366 1367
1 2
1350 1351
2 2
1 3
2 3
1 1
1202 1203
1174 1175
2 2
2 2
1 2
2 3
1 2
1167 1167
2 2
1 2
1281 1282
2 3
2 2
2 2
1222 1223
2 2
2 2
1107 1108
2 2
2 2
1 2
2 2
1182 1182
2 3
1 2
1075 1075
1 1
1 2
1221 1222
1255 1255
1317 1317
1368 1369
2 3
2 2
1288 1289
1 1
5 6
4 6
1224 1225
1224 1224
1370 1370
1 2
1 2
1042 1043
2 2
1357 1358
5 5
1350 1350
1220 1221
2 3
1322 1325
2 4
3 3
2 2
1 3
1280 1281
1 3
2 2
1 3
1138 1138
1263 1263
2 2
4 5
1314 1314
5 5
1223 1224
2 2
2 2
1 2
2 2
2 2
1 2
1267 1268
1 2
996 997
1237 1238
1 1
1300 1300
1310 1310
1 2
1298 1298
1281 1283
1 1
1102 1103
1378 1378
2 2
1 2
1336 1336
1262 1263
2 2
1307 1307
2 3
1 2
1273 1273
1228 1229
1380 1381
2 2
2 2
1335 1335
6 6
1315 1316
1173 1173
1 2
1 2
2 2
2 3
1142 1143
1 1
2 2
1 2
1303 1303
1223 1223
2 2
1192 1192
1 2
1 2
1 2
1224 1225
1297 1297
1 1
1203 1203
2 3
2 2
1287 1287
1210 1210
2 2
2 2
1 2
1396 1396
2 3
1 2
2 2
2 2
1 3
2 3
2 2
3 3
1044 1044
1077 1077
1 2
2 2
1109 1109
2 2
1224 1224
1292 1292
2 2
1 15
2 2
1341 1342
2 2
1238 1239
6 6
1379 1379
1173 1174
1410 1412
1402 1403
1349 1349
1 2
2 2
1 2
1235 1236
1 3
2 2
1 2
2 2
3 3
2 2
1071 1071
1 3
1 2
1 2
1 2
1106 1107
2 2
1098 1099
2 2
1118 1118
1 1
1252 1252
1 2
2 2
1 2
2 2
1 1
2 2
5 5
1135 1135
2 2
1 2
6 6
1171 1171
2 2
1 2
1249 1251
3 3
2 2
2 2
1 3
1099 1100
1 3
2 3
1 2
2 2
2 2
1 3
2 2
1 2
5 5
1216 1216
1341 1342
1342 1342
2 2
1357 1357
2 2
1388 1389
2 2
1280 1280
1170 1171
2 2
2 2
1320 1321
1309 1310
1289 1290
1 2
1 2
1 1
1 1
1 2
1 2
1106 1106
2 2
2 3
2 2
2 2
1219 1219
2 2
1258 1258
2 2
1209 1210
2 3
4 4
2 2
2 2
1069 1070
2 2
2 2
2 2
1 3
2 2
2 2
2 2
5 5
2 2
926 926
2 3
2 3
2 2
5 6
1166 1166
1086 1086
3 3
2 3
1060 1061
1280 1281
2 3
1370 1370
1295 1295
2 3
2 2
2 3
1286 1287
1 2
1254 1255
2 2
2 3
985 985
743 743
680 680