2 3
1 6
547 547
2 3
2 3
894 896
1 2
1 2
1 2
2 3
1 2
1 2
1402 1403
1 2
1 2
1436 1436
1491 1492
1 2
1398 1399
1569 1570
5 12
1 2
1 2
1 3
1 3
1 3
1 2
2 15
2 3
1652 1653
1685 1687
1684 1685
1766 1768
1471 1473
1 2
1 2
1485 1486
1 3
1 2
2 2
1 2
1 2
1228 1229
1 3
1 2
2 3
1 2
1364 1365
1606 1608
1541 1542
5 6
1 2
1448 1450
1 3
1 3
1602 1602
2 2
2 3
1467 1468
1 2
1 2
1 2
2 3
1 2
1 2
1 2
1431 1432
2 2
2 2
1438 1439
2 10
1365 1367
1 6
1 2
1404 1406
1 2
1 2
1571 1571
1504 1505
1 2
2 2
2 3
2 3
2 3
1571 1572
1477 1478
1 2
3 11
1621 1622
2 7
1 2
1453 1455
1 2
2 3
1579 1580
1 2
2 3
1583 1584
1644 1653
1628 1628
1575 1577
2 3
1478 1479
1655 1657
1554 1556
1532 1533
1 3
1757 1757
1744 1746
2 2
1 3
1 2
1 3
1591 1592
1 3
1 2
1 2
1 2
1516 1517
21 22
1 11
1 2
1 3
1459 1469
1558 1560
1 2
1 3
2 3
2 3
2 2
1 3
1 2
2 3
2 3
1443 1444
1487 1488
2 2
3 3
1 2
1 2
1 3
7 7
1 2
1 3
2 3
3 4
1306 1307
1 3
1 3
1 2
1 2
2 12
3 14
1 9
787 788
1585 1587
1 2
1 2
1646 1648
1661 1661
1666 1668
1 2
1615 1616
1656 1657
2 4
2 7
2 3
1444 1446
2 3
1 2
2 2
1668 1669
1672 1674
1676 1679
1608 1609
1561 1563
1 2
2 2
1 2
4 6
6 7
1 3
6 7
4 17
2 18
1384 1386
1597 1597
1641 1641
1705 1706
1 2
2 2
1572 1573
1 2
1513 1514
2 2
2 3
1 2
1420 1421
1 3
2 3
1378 1380
2 3
2 3
2 3
2 3
2 3
1 3
1 2
1480 1481
1525 1527
1 3
1 2
1473 1473
1284 1285
1 6
2 7
2 3
2 3
1 2
1 2
2 3
1169 1170
1397 1398
1569 1570
2 2
1598 1599
1 2
1597 1598
6 7
1582 1583
1 2
2 3
2 3
4 5
4 5
1586 1587
1451 1452
2 3
1492 1493
1445 1447
1 2
2 2
1487 1488
1 2
5 6
1 2
1606 1607
5 6
1 3
1436 1436
1572 1574
1 3
2 2
1389 1389
1 2
2 3
1515 1516
1 3
1 2
1466 1467
1 3
2 3
1456 1457
1476 1476
2 3
1 1
1 2
1496 1497
1522 1524
1 2
2 3
2 3
2 2
1501 1502
1375 1375
1 2
1 5
5 6
1481 1483
1546 1547
2 3
4 5
3 3
1 3
1 2
1396 1396
1471 1473
1601 1602
1 2
1501 1501
2 3
5 6
1538 1539
1627 1627
1531 1532
1 3
1536 1538
1 3
1520 1521
1 3
1620 1621
1334 1336
1385 1386
1 2
2 2
995 996
1 4
5 6
2 2
1 2
1 4
921 922
1 3
1 2
4 5
806 810
840 842
1 2
1 4
2 2
1 3
639 641
2 2
1 2
1 4
2 3
562 564
2 3
2 4
595 597
2 3
1 3
1179 1181
1 2
1209 1211
1274 1275
2 2
1226 1228
2 3
1 2
2 2
969 970
1 4
4 6
4 8
5 10
563 565
2 4
7 9
2 3
2 2
4 5
1283 1284
1591 1592
1590 1607
1622 1627
2 2
2 2
1590 1591
1 2
1540 1541
1 2
1314 1315
1489 1491
2 3
1 2
1646 1647
1532 1536
2 3
3 4
1608 1609
2 3
1551 1552
2 3
9 10
2 2
2 2
1 3
5 6
1235 1236
1 2
1 2
1 3
1445 1445
1 3
1489 1490
1591 1592
1 2
1 2
1503 1506
2 3
1 3
1 2
1482 1483
1511 1512
1440 1440
1491 1492
1 2
1620 1622
1658 1660
1610 1611
1 2
1448 1449
1 2
12 13
8 9
1420 1422
1491 1493
1512 1513
1482 1483
2 2
1 2
2 3
1463 1465
1525 1526
1443 1445
1 2
1594 1595
1 2
1 3
1494 1496
4 5
1494 1494
1526 1527
1 2
1 2
1 2
1570 1570
1369 1370
1626 1627
1579 1581
1 2
1 2
1666 1668
4 5
1584 1585
1564 1564
2 2
1321 1322
3 3
4 4
4 5
2 3
2 3
4 4
4 5
1 3
1229 1230
2 3
1 2
1 2
1299 1302
1 2
1 2
1 2
1511 1511
2 2
1509 1510
1522 1522
2 3
1505 1507
1 3
1 2
1468 1469
1516 1517
1551 1551
1572 1573
1537 1538
2 3
1 2
1479 1481
1 3
1480 1481
1 3
1404 1404
1 3
2 3
1478 1479
1513 1515
5 6
9 10
1560 1562
1 2
1516 1517
1 2
1 2
1 2
1 2
1 2
2 3
1366 1366
1265 1266
1465 1466
1 2
1 1
1504 1505
1 3
2 3
1 2
1 2
1501 1503
1 2
1 2
1466 1467
4 5
1 2
1312 1314
1 2
1387 1388
1 2
5 6
1312 1313
1547 1549
1550 1552
2 3
1513 1513
2 3
1 2
2 2
1 3
1 1
2 2
1 2
2 2
1461 1462
1459 1459
1 2
2 3
2 2
1 2
2 3
1 2
1 2
2 3
2 2
1 3
1228 1229
1 3
1154 1154
1 3
1461 1461
1568 1569
1 2
1543 1544
1 2
1 2
1444 1444
2 3
3 4
1573 1574
2 2
8 9
2 2
1 2
1336 1338
1 2
1 3
1244 1245
1 2
1472 1473
1508 1509
1513 1514
1 2
1 2
1 2
1514 1516
1 2
1338 1339
1 2
1 2
1 2
1 2
1323 1324
2 3
1396 1398
1515 1515
1509 1509
1 2
1 2
5 6
1484 1485
1467 1468
2 2
1 2
1 3
1 2
4 4
2 2
2 4
1307 1308
1353 1355
1 3
1 2
2 3
1329 1330
8 10
1 2
1394 1395
1548 1549
1496 1497
1 2
2 3
1437 1439
2 3
1 2
1 2
2 2
1619 1620
1449 1450
1451 1452
1499 1499
1585 1585
1574 1574
1599 1600
1565 1566
1651 1652
1654 1655
2 3
1 2
1 3
1 2
1566 1566
1570 1570
2 3
2 4
1 2
2 3
2 3
2 4
1365 1366
4 5
1477 1478
2 2
2 3
1536 1537
1 2
1386 1387
1514 1515
1567 1567
1 2
2 2
1 2
1 2
1392 1394
2 3
2 2
1620 1621
1561 1562
1580 1581
2 3
1 2
1 3
1438 1439
1 1
1 2
1552 1553
1 2
1517 1518
1510 1511
2 3
1467 1468
2 3
1 2
1 3
1 3
1344 1345
2 2
2 3
1544 1545
1622 1623
1361 1362
2 3
3 4
3 4
1 3
1457 1458
2 3
1541 1542
1470 1471
1 2
2 3
1423 1424
1508 1509
1 2
1454 1454
2 2
1530 1530
1 3
1593 1595
1565 1567
1553 1554
1 2
1559 1559
1567 1569
1 3
3 3
1504 1506
1 2
1 2
2 3
1 2
1 2
1453 1453
5 6
2 2
1383 1385
1235 1236
5 6
6 7
4 5
1 3
2 3
1357 1358
2 2
1304 1304
1 2
1570 1571
1624 1624
1557 1559
1 2
1 3
1 3
1 3
4 5
1578 1579
1 2
0 2
1 2
2 5
1 2
1 2
1 2
1136 1136
1308 1310
2 3
1364 1364
1540 1542
1 2
1 2
1649 1651
1473 1475
8 8
1 2
1342 1344
1 2
1614 1615
1 1
1 2
1 2
1 3
2 2
2 3
1216 1217
1469 1469
2 3
1497 1497
1 2
1 1
5 6
1 2
1548 1548
1 2
1 2
1 2
1501 1502
1 2
1 2
1490 1491
2 3
1403 1404
2 2
2 2
1 2
1378 1380
1574 1575
1597 1598
1640 1640
1 2
1582 1583
1593 1595
2 3
1514 1516
2 3
2 3
2 3
2 3
1599 1599
1533 1534
1570 1570
2 2
1493 1495
1 2
1599 1601
1 2
1556 1557
1493 1494
2 2
1542 1543
5 5
1588 1589
1673 1675
1614 1615
1 4
1 3
1 2
1449 1451
1 3
1461 1462
2 3
1 3
1455 1455
3 4
1 3
1579 1580
1632 1633
1 3
1 2
1495 1496
1 2
2 2
1 3
1 3
5 6
1 2
1 2
1165 1166
1 2
1 2
1486 1487
1531 1533
1495 1496
1 2
1 2
1 3
1423 1424
1 2
1 2
2 3
1 1
1 2
1 2
3 4
2 2
1350 1351
2 3
1 2
1160 1160
1 2
1 2
1 2
2 2
2 2
1 2
1 3
4 11
6 9
1 3
3 6
1 3
867 868
1 2
1 2
1 2
1 2
1158 1160
1 3
1 2
1245 1246
1 2
1 2
1 2
2 3
1 1
3 3
1 2
1 1
4 5
1360 1362
1362 1363
1 3
1 2
1251 1253
5 5
1313 1314
1 2
1 2
1 2
2 2
1524 1525
1452 1453
1458 1459
2 3
1587 1587
1610 1611
1527 1528
1 2
1 2
1 1
1 2
5 5
1423 1424
1548 1549
1 2
2 3
1440 1440
1 3
1374 1376
1 2
1 2
1 3
2 2
2 2
1516 1518
1508 1510
1 2
2 2
1 3
1 2
2 3
2 3
1384 1385
1348 1349
2 3
1340 1340
2 3
1598 1600
1572 1573
1592 1594
1429 1429
1335 1337
1242 1243
1 2
1 2
2 3
2 2
1 3
4 22
2 3
952 952
1 2
2 3
1096 1098
1 3
1 2
2 2
1426 1427
1568 1568
1 3
4 5
5 6
1556 1557
1 2
1326 1327
2 3
1513 1514
1434 1435
1 2
2 3
1 3
1480 1482
2 2
1 2
1491 1493
1 3
1537 1538
1 2
1549 1550
1405 1406
2 3
1 2
2 3
1415 1416
1519 1520
2 3
1 2
1539 1541
1577 1578
2 3
1589 1590
1 3
2 3
4 5
1 3
1 2
1404 1406
1 3
1272 1273
1 3
1451 1452
1482 1483
1538 1539
1 2
1655 1656
1593 1594
1 2
1 2
1 1
1 2
4 6
1456 1458
1 2
1 2
1 2
2 3
1311 1312
1367 1369
2 2
1504 1504
1561 1562
1 2
1476 1477
1 2
4 5
1522 1523
1 2
2 2
1455 1456
1 2
1299 1301
1 1
1 2
1542 1543
2 3
1422 1423
2 3
2 3
1412 1413
2 3
1 2
2 2
2 3
1399 1400
1 2
1462 1463
1 3
1414 1416
1383 1384
2 3
2 3
2 3
1470 1470
2 3
1561 1562
1 3
1643 1644
1543 1544
1 2
8 9
1440 1441
5 5
1 2
4 6
1 2
1 2
1 3
2 3
2 2
1 2
1161 1162
2 3
1493 1494
2 3
2 3
1 3
2 3
1342 1343
2 2
1232 1233
1493 1495
1 2
1661 1663
2 3
1570 1571
1 2
1612 1613
1 2
1 2
1499 1499
2 3
1 2
1518 1519
1 3
1 2
2 2
3 3
1 2
2 3
2 2
1 3
1348 1349
1269 1270
1380 1382
1569 1570
1421 1423
1 3
1 2
2 2
1 3
2 2
1 3
1 3
1 3
1574 1575
1499 1500
2 3
3 4
1492 1494
2 3
3 5
2 3
1 2
1 3
1 2
2 3
1208 1209
1 2
2 3
3 4
1 2
3 4
2 4
1160 1161
1248 1249
1 3
1437 1439
1555 1556
1 3
1570 1572
1606 1607
1 2
1627 1629
1 2
2 3
2 2
3 4
4 5
1 2
1 3
1 2
1 2
1 2
1171 1173
2 3
1 2
1186 1187
1547 1549
1445 1447
2 3
2 2
1491 1493
2 15
1 2
1608 1609
1605 1606
1480 1482
1525 1526
1 3
1 2
1 3
1599 1599
2 2
1562 1563
1516 1517
1 2
1528 1530
1 2
1520 1521
1 2
3 4
1 2
1 3
1 3
1334 1336
2 3
1417 1418
1 3
2 2
1 3
1 2
1 2
1529 1530
1575 1577
1586 1587
2 6
2 3
1 2
2 2
1534 1535
2 4
1 3
1005 1007
2 3
1489 1491
1512 1514
2 3
1692 1693
1609 1611
2 3
2 3
1614 1615
1 2
1489 1490
1563 1564
2 2
1607 1607
1 2
1626 1628
2 3
1687 1688
1625 1626
1 2
1552 1553
2 3
1 3
3 6
2 3
1 2
2 3
2 3
1 3
2 2
1156 1157
2 3
2 3
1 3
1 3
1195 1197
1 3
1 2
1 3
1381 1383
1521 1524
1 2
1569 1572
2 2
1 3
1 3
2 3
2 3
1 2
1 2
2 3
1378 1380
1 3
2 3
1 3
1408 1409
2 3
2 3
2 3
1394 1395
2 3
1476 1477
2 3
1496 1498
2 2
1 3
1 2
1 3
1 3
1303 1304
1 3
5 5
1 2
4 6
1471 1473
1369 1370
2 3
1392 1393
2 3
2 3
2 3
2 2
2 3
1 3
4 5
1 4
1 2
1478 1479
1415 1416
1374 1375
5 6
1526 1528
2 3
2 3
2 2
1 3
2 3
2 2
1603 1605
1571 1571
2 3
1431 1432
2 3
1637 1639
1529 1529
2 3
4 5
6 7
6 8
3 4
4 5
1 3
2 3
4 5
1213 1214
1364 1365
1404 1406
1399 1400
2 3
1542 1543
1731 1731
1650 1651
2 2
1660 1661
2 3
1583 1584
1619 1621
1 2
1 2
1468 1470
1466 1468
2 3
2 3
1617 1619
1 3
2 3
1 2
1569 1570
1 3
1 3
1329 1330
1 2
2 3
1 3
1437 1438
2 3
1 2
1 3
1428 1429
1458 1459
2 3
2 2
1 3
2 2
1583 1585
1598 1598
1636 1637
2 3
1 2
1510 1512
1 2
1 2
2 2
1 3
1 3
1 3
1424 1425
1321 1322
2 3
1378 1379
1 2
2 2
1415 1416
1498 1500
1 3
1 2
1 3
1322 1323
2 3
2 3
1 2
1 3
1 2
1 2
1 3
1359 1361
1 3
2 3
1279 1280
9 10
1294 1295
2 3
2 3
1435 1437
3 4
1417 1418
1476 1478
1 2
2 3
1566 1568
1604 1605
2 3
2 3
2 3
1 3
2 3
1443 1445
1545 1545
1 2
5 6
1617 1618
1260 1262
2 3
1587 1588
1504 1505
1 2
1445 1447
1594 1595
2 3
1 3
1 3
1 2
2 3
1 3
1657 1659
1521 1522
2 3
1284 1285
1563 1564
4 6
1 2
1 2
1548 1549
2 3
2 4
1512 1514
1 3
2 3
1 2
1471 1472
7 9
1283 1284
1 2
1358 1359
2 3
1 3
1 3
2 3
1 2
1 2
2 3
2 3
1 2
2 3
2 3
2 3
1445 1446
1489 1490
2 3
1522 1524
1 2
1474 1475
2 2
2 3
1330 1331
1365 1366
1 3
1413 1414
1 2
1459 1461
1585 1586
1408 1410
1 3
1440 1441
2 2
1 2
2 3
2 3
1670 1672
1487 1488
1521 1522
1 2
2 2
2 3
1 2
1640 1641
1 2
1 2
1479 1480
1 2
1 3
1 2
2 2
1 2
2 3
3 3
3 4
1236 1237
1 1
1 2
2 2
1 3
5 6
1 1
936 937
2 3
2 3
1248 1250
1506 1508
1527 1528
1625 1626
1639 1640
1 3
1 2
1 2
1601 1602
1501 1502
1 2
1 3
1523 1524
1 2
1 2
1495 1496
1 3
1520 1522
1 3
1499 1499
2 3
5 6
1511 1511
1 2
1509 1510
1649 1650
1624 1625
1538 1539
1557 1558
1 2
1325 1326
2 3
1 3
1 3
1539 1541
1 2
2 2
1433 1434
1 3
1535 1537
1543 1545
2 3
1 2
1 2
2 3
1 1
1 2
1516 1518
1428 1429
1390 1391
1562 1563
1668 1669
1654 1655
1588 1590
2 2
2 3
3 4
2 2
3 3
1594 1594
1553 1553
1 4
3 4
1 3
2 4
1 2
2 3
791 792
992 993
2 3
1 2
2 3
5 6
1 3
4 5
1 2
1195 1195
1425 1427
1 3
2 3
1520 1521
1654 1654
1568 1568
1 3
1 2
1663 1665
5 6
1 2
1 2
2 2
1500 1501
2 3
4 5
1 2
0 2
1 2
5 5
1350 1351
1 2
1421 1423
2 2
1417 1417
1 2
2 2
1353 1355
1 2
2 2
1 3
1 2
1353 1355
1441 1443
1557 1558
1533 1534
1 2
2 3
1414 1415
1 2
1603 1604
2 3
1 2
1 3
1 2
1 2
1355 1356
1490 1491
2 3
1380 1381
1 2
2 3
1 2
1459 1459
7 8
11 13
1571 1571
1 3
1 2
1429 1430
1490 1491
1549 1550
1 3
4 5
8 9
1314 1316
1477 1478
2 2
2 3
5 5
1 2
1 2
1581 1582
1 3
1648 1649
1 2
2 3
1416 1418
1 2
1281 1283
1 2
7 7
1 2
2 4
1 2
2 4
2 3
1 1
1 2
2 2
1 2
1 2
1250 1252
2 3
1 2
1451 1452
1377 1378
1342 1344
1 3
2 3
1548 1548
2 2
2 2
1508 1509
1 2
2 2
1 3
1 2
1507 1508
1 2
2 2
1 2
1358 1358
2 2
1 2
1407 1409
1 2
1 2
8 9
1 2
1346 1348
1 3
1 2
1237 1238
1505 1506
1 2
1562 1563
1 3
1618 1618
2 2
1534 1535
1 3
1431 1432
1603 1604
1661 1662
1711 1712
1550 1551
1 2
2 2
1531 1531
2 2
1 2
1 2
1586 1586
1 3
1 2
1 3
1 2
1415 1416
2 3
1 2
1 2
1 3
1 3
1 2
2 3
2 2
2 3
1286 1286
2 2
1 2
1351 1352
1 3
1494 1494
1 2
1318 1320
2 2
1354 1355
1446 1447
1 3
1 3
2 3
1582 1584
1639 1639
1589 1591
1 2
1547 1549
1 2
3 6
1307 1308
1 15
1 2
1 2
1 2
1 2
1362 1363
5 6
1477 1479
1635 1636
1571 1572
1540 1540
1 2
1 2
1 4
1 2
1439 1440
1 3
1519 1520
1 2
2 2
1 2
1 2
1535 1536
1474 1476
1375 1376
1 2
2 3
2 2
1 2
1395 1396
1478 1479
5 5
2 3
2 3
1422 1423
1552 1553
1476 1477
1523 1523
5 6
1571 1572
1524 1526
1 2
2 2
2 2
2 3
1502 1503
2 3
1476 1478
1 3
1 3
1 3
1566 1567
2 2
1 2
1 2
2 3
1418 1434
1 3
2 2
1 2
1458 1460
2 2
2 2
2 3
1242 1243
1 2
2 3
1359 1360
1484 1485
4 5
1 2
2 2
1 2
1484 1485
1628 1629
1554 1556
1 2
2 2
2 3
1372 1373
1 3
6 7
2 3
1105 1106
1636 1638
1626 1627
2 2
1644 1645
1 2
1660 1662
1613 1614
2 3
5 6
1606 1606
2 3
3 5
2 3
1 2
1 2
1066 1067
1493 1494
1 2
1 3
1581 1583
1589 1591
1 2
1581 1581
1 2
2 4
1 2
1414 1416
1 2
7 8
1 2
2 3
1 2
2 2
1232 1233
2 3
2 3
1524 1525
1519 1521
1610 1613
1 2
1580 1581
1583 1584
2 3
13 33
1 2
1546 1548
16 17
8 17
1 2
1 2
1535 1536
1460 1462
1350 1351
1 3
2 2
2 3
2 3
1459 1459
1 2
1 3
1374 1387
1 2
1301 1302
1 2
1535 1537
1421 1422
1 2
2 2
1523 1524
1 2
1 3
1563 1564
1 2
1 2
2 3
1440 1441
1 2
2 2
1438 1439
2 3
1 2
1 3
1 2
1465 1466
1539 1540
1394 1395
1 2
1 3
1 2
1354 1355
1 2
1 2
1558 1559
1585 1585
2 2
5 6
5 6
1 3
1 2
2 2
1 3
2 3
1 3
2 3
2 3
4 5
1181 1182
1 3
1502 1503
1 2
1406 1407
1 3
1 2
1443 1444
1522 1523
1 2
2 3
1 3
2 3
1575 1576
1554 1555
4 6
1 2
1 3
1363 1364
1583 1584
1 2
1 2
1488 1489
1 2
2 2
1 2
3 4
2 3
2 4
5 5
1349 1350
1434 1436
1 2
1416 1417
5 6
1568 1570
1418 1420
1647 1648
2 3
1538 1539
1657 1659
1601 1602
1605 1606
1 2
1337 1338
2 3
1 3
1 3
1201 1203
1 2
2 3
2 2
2 2
1 2
1128 1129
1 2
1285 1286
1 2
1407 1408
1470 1472
1484 1485
1 2
2 2
5 6
1272 1273
1 3
1402 1403
2 2
1 8
1521 1523
1497 1499
1552 1553
1630 1630
2 2
1543 1544
1 3
1542 1543
1 2
1476 1477
1539 1540
1 2
1 1
1563 1564
1 2
1463 1465
2 3
1476 1478
1 3
1395 1396
2 3
1611 1613
1483 1483
2 3
2 2
1587 1587
1565 1566
1 2
2 2
1537 1539
2 2
1 2
2 3
1 3
1510 1512
4 6
1 2
1391 1392
1 2
1533 1534
1491 1492
1440 1444
1 3
1 3
1531 1533
2 3
1528 1529
1 2
2 2
1414 1415
2 2
1532 1533
2 3
1 2
4 5
1482 1483
1 2
1397 1398
1 2
1 2
1 2
1 3
1 3
1412 1414
1286 1287
1 2
1 2
2 3
1 2
1148 1149
1334 1335
1 3
2 3
1446 1447
1 3
1 2
2 3
1441 1442
2 3
1476 1476
1 2
1 1
1452 1453
1529 1531
1 2
2 2
1 2
1 3
1 2
1383 1385
1 3
1490 1492
1492 1493
1646 1647
1 2
1 2
1509 1509
1480 1481
2 2
1517 1518
1 3
2 4
1 3
2 2
1354 1355
1 3
3 5
2 3
1359 1360
1388 1389
1 3
4 5
2 3
3 5
2 3
3 5
1 3
4 5
1455 1456
1308 1309
1467 1468
1 2
1 3
1 2
1 2
2 3
2 3
2 2
1270 1272
2 3
1348 1349
1465 1467
2 2
1 3
1 2
1 2
1451 1452
1395 1396
1354 1355
1290 1290
1 3
2 4
2 3
2 4
3 5
5 6
2 2
1 3
1029 1030
9 9
2 3
1 2
1018 1019
1193 1194
2 2
1351 1354
12 28
1 2
12 13
1637 1638
4 5
1604 1605
1594 1595
1 2
1477 1479
2 3
1597 1598
5 6
1423 1424
1 3
1560 1561
1503 1504
2 3
1631 1631
2 2
1423 1424
1 3
3 4
2 3
1417 1418
0 7
2 3
1 2
2 3
13 13
1212 1213
1504 1524
1674 1677
1664 1665
1638 1639
1 2
1580 1581
2 2
1 3
1 2
1 2
2 2
1204 1205
2 2
1 2
2 2
1 2
2 2
2 2
2 3
1302 1303
1 3
1148 1149
1 3
2 3
5 6
5 5
1346 1347
1 3
1544 1545
1 2
1464 1465
1 3
1 1
2 3
3 4
2 3
1 2
1477 1478
1 3
4 5
1 3
4 5
1 3
4 5
1 3
4 5
1 3
4 5
1265 1267
2 3
1 2
1215 1215
1 2
2 3
2 3
1318 1319
1 2
1415 1416
1421 1422
3 4
1547 1549
1 3
1 2
2 3
2 4
1460 1462
1 3
1467 1468
1357 1359
1 2
1 3
1 3
1 2
1 3
1424 1425
1 2
1422 1423
1505 1507
2 2
1462 1463
1 2
2 3
2 3
1 3
2 3
1 3
2 3
1445 1446
1 2
1 2
1341 1342
1 3
1 3
1471 1472
1279 1281
1 3
1418 1420
2 3
2 2
2 3
1485 1487
1520 1521
1625 1625
1 2
2 3
1625 1626
1 2
1328 1329
1 2
2 3
4 6
1 2
1528 1528
2 3
1431 1432
1539 1539
1 2
1581 1582
2 2
1 2
1 2
1 3
2 2
1 2
2 3
1289 1291
2 2
2 3
2 3
1383 1384
2 3
2 3
1323 1323
1348 1350
1536 1537
2 3
1588 1590
1 2
1 2
1603 1604
1609 1611
2 2
1 2
1582 1583
1495 1496
1 3
1 2
1472 1473
1472 1473
1 2
1 3
1448 1448
1 2
2 3
2 2
1582 1583
1 2
1445 1447
1532 1533
2 2
1444 1446
1 2
2 2
1630 1631
1641 1642
1605 1605
1 2
1477 1479
2 2
1 2
1 2
1468 1469
2 3
1 2
5 6
1 2
1 2
1 2
3 4
1 3
1451 1452
1 2
1 3
1 3
1 3
1272 1274
1 2
2 2
1354 1356
1274 1276
1562 1563
1459 1460
1 2
5 6
1 1
7 8
1 3
2 4
2 2
2 4
1 3
2 4
1460 1461
1 2
2 3
1512 1514
1 3
1426 1427
1 2
1 2
1 2
1230 1231
1 1
1 2
1 2
1 2
1 2
1505 1506
1507 1508
2 2
1656 1658
1671 1672
1649 1650
1 3
1535 1535
1 3
3 4
1 2
2 4
2 3
2 4
2 3
2 4
1 2
2 3
1 2
1 2
1323 1325
1267 1268
1 2
1 2
1 3
1412 1413
1427 1427
1 3
1 3
5 6
5 6
1 2
1 2
1426 1428
1 2
2 3
1399 1400
1 2
1331 1332
1391 1391
1 3
2 3
1 3
1 3
1417 1418
1 3
5 6
1484 1485
1 3
2 3
1538 1539
1425 1425
1 3
1 2
1330 1332
2 3
1448 1449
2 2
1558 1559
1 3
1512 1513
1563 1565
2 2
2 3
2 3
2 2
1624 1625
1459 1461
1 2
2 3
1 3
1 2
2 3
1327 1327
1 3
1 3
1 2
1 2
1421 1422
1373 1374
1 3
1 2
1 2
1 2
1279 1280
1 3
1309 1310
2 3
2 3
1489 1490
1 2
1486 1487
1529 1530
2 3
1509 1511
1591 1592
1 3
1 3
2 3
1 2
1405 1406
1 3
3 4
1 2
2 2
2 2
2 3
1 3
1 2
1 2
1344 1345
1265 1266
1 3
1 3
1176 1177
1 2
1 2
1445 1446
1 3
1441 1442
1 2
1 2
1609 1609
1447 1448
1437 1438
4 5
1 2
2 2
1 2
1306 1306
1 2
2 2
1 2
2 3
1193 1194
1 2
1118 1119
2 11
2 3
1 2
2 2
2 3
1 2
2 3
2 2
1 1
1 2
2 3
2 3
2 4
1174 1176
1 3
2 3
1129 1131
2 3
1264 1265
2 3
1534 1536
2 3
2 2
2 3
1588 1589
1 3
1 2
1595 1596
1525 1526
1 2
2 3
2 3
2 2
1346 1347
2 2
1501 1502
2 3
1502 1504
1 2
1624 1625
1 2
1603 1605
1646 1647
1684 1687
1618 1619
2 3
1 2
1 2
1 3
1522 1523
1461 1462
1611 1613
1630 1631
1655 1656
2 2
1 3
1 2
1660 1661
2 3
1 3
1 3
2 3
1 3
1 2
1323 1324
1 3
1438 1439
1 2
1 3
2 3
2 3
1297 1299
1 3
1313 1314
1 3
1 3
2 2
1437 1438
1 2
1 2
1 2
1 2
1 2
1 3
2 3
1460 1461
2 3
1290 1292
1 3
2 2
2 3
1496 1498
1408 1410
1 2
1493 1494
2 2
1 1
4 5
1 2
2 3
1 3
4 6
1235 1237
1405 1406
2 3
4 5
1215 1216
1 2
1542 1543
1 2
1 2
1496 1498
1592 1594
1563 1564
5 6
1722 1724
2 2
1585 1586
2 3
2 2
2 2
2 2
1 2
1 1
1388 1389
1517 1519
1 2
1 2
1494 1496
1 2
1574 1575
5 6
1474 1475
12 12
2 15
2 2
2 2
2 3
1439 1440
1372 1372
1451 1452
1 2
1495 1498
1570 1571
1634 1636
1606 1607
1640 1641
2 3
1 2
1611 1612
1 3
1407 1408
2 3
2 3
2 3
1612 1613
1581 1582
1479 1480
1463 1464
2 2
2 2
1 2
1 2
1 2
1 2
1429 1430
2 2
3 4
3 5
2 3
1 2
999 1000
1202 1204
4 7
1371 1372
1 3
1405 1407
2 6
2 3
1 2
1575 1576
1 3
1 1
1491 1491
2 2
1303 1304
1 2
1 2
1345 1347
1551 1552
1 3
1502 1504
1 2
2 3
1639 1640
1623 1624
1442 1442
8 10
9 12
1457 1457
1 3
1 1
1 2
1 2
1 2
1 2
1 2
1 2
1109 1111
1 2
1 3
1 3
3 4
1281 1283
1336 1336
1471 1473
1417 1418
1 1
1 2
1 2
1545 1545
1 2
5 6
2 3
2 3
1522 1523
1416 1417
1407 1408
2 3
1541 1541
1528 1530
2 2
1503 1505
1 2
3 3
1 2
2 3
1 3
1 3
1484 1486
1497 1499
1489 1490
1 2
2 3
2 3
3 4
1 2
1 2
1 3
1 2
1354 1355
1400 1401
1298 1299
2 2
1 3
1 2
2 2
5 6
5 6
1555 1555
1 3
1552 1553
1 2
1 2
1475 1476
1 3
1 2
2 3
2 2
1272 1274
1191 1193
3 3
4 4
11 12
2 3
1 2
1 2
1 2
1 2
2 4
2 3
1 3
1 3
2 3
2 3
2 3
2 3
1 3
1 3
2 2
1271 1272
1277 1278
1 2
1335 1340
1 2
1383 1386
2 2
1367 1369
2 3
1625 1626
1640 1640
1 2
1661 1663
1604 1605
1636 1637
1 2
1554 1556
1 2
1508 1508
1500 1501
1 2
1617 1618
1519 1521
2 3
1 1
1 2
1374 1376
1 2
1 2
1455 1456
2 2
1 3
3 3
6 6
1 3
1 2
3 3
2 3
1 1
2 3
1 2
6 8
6 9
964 969
2 3
1 2
1094 1096
1390 1391
1560 1562
1589 1591
1635 1636
1 3
4 5
2 2
2 2
1424 1425
1437 1439
1473 1474
1523 1525
1 3
1622 1623
1658 1659
1546 1548
1 2
1 2
12 33
1573 1575
1 2
1 2
1210 1212
1 3
1 3
1611 1613
1563 1565
2 3
1638 1657
1589 1590
1 2
1 2
1 2
1512 1513
1 3
1384 1386
1 2
2 3
2 3
1478 1479
1 3
1 3
1318 1319
1 2
1 2
1583 1584
1618 1619
1 2
1493 1495
2 2
1395 1397
1 2
1 2
1 2
4 5
1545 1546
1554 1555
1452 1453
1433 1434
1417 1418
1406 1407