1 2
1 2
1 2
1 2
1 1
1 2
1 1
1 1
1 2
3 4
1 2
1 1
2 2
2 2
2 2
2 2
1 1
1 1
5 5
2 2
1 1
1 1
2 2
1 1
0 2
2 2
2 2
1 1
1 1
1 1
2 2
1 1
2 2
3 3
1 1
1088 1089
1 1
1 2
1 1
1 1
5 5
1 1
1 1
2 2
1 1
1 1
1 1
0 1
1 1
1 1
1 1
1 1
1 1
0 1
1 1
5 5
1 1
1 2
1 1
1 1
2 2
2 2
2192 2192
1 1
2 2
2238 2238
1 1
2281 2298
2425 2426
1 1
2 2
1 1
1 1
2555 2555
2320 2321
1 1
2 2
2 2
1 1
1 2
2 2
2 2
1 1
2 2
2 2
3 4
1 2
2 2
1 1
2 2
2 2
1 2
2 2
3 3
1 2
1 2
2 2
1 1
2 3
1 1
1 1
2619 2620
1 2
1 1
1 1
1 1
2 2
0 1
2530 2530
1 1
1 1
1 1
1 1
1 1
1 1
2535 2535
2492 2494
7 7
1 1
1 1
1 2
1 1
1 1
1 1
2 2
1 1
1 1
1 1
1 1
1 1
1 1
1 1
1 1
1 1
1 1
2565 2565
2439 2439
2440 2440
1 1
2 2
1 1
1 1
1 1
2 2
1 1
1 1
2 2
1 1
1 1
1 1
1 1
2720 2720
2700 2700
2356 2356
2 2
2650 2650
1 1
2 2
1 1
2 2
2589 2589
0 2
4 4
2 3
5 5
2 2
1 1
1 1
2 2
1 2
2 2
1 1
2 2
2659 2659
1 1
2 2
1 1
1 1
2 2
1 2
1 1
2 2
1 1
1 1
1 1
2563 2563
2538 2538
1 1
2760 2760
1 1
1 1
1 1
2707 2707
1 1
1 1
2 2
1 1
2 2
1 2
2495 2496
1 1
1 2
1 1
0 1
1 1
1 1
2612 2613
1 1
1 1
1 1
2 2
3 3
3 3
1 2
3 3
1 1
1 1
5 5
1 1
1 1
2548 2548
2567 2567
2591 2591
1 1
1 1
1 1
1 1
2540 2540
1 2
2590 2590
1 1
1 1
2682 2682
2 2
1 1
2810 2810
1 1
2833 2834
1 1
2782 2782
1 1
1 1
2879 2879
1 1
0 0
1 1
2 2
2 2
2874 2875
1 1
1 1
1 1
1 1
1 1
1 1
1 1
2849 2849
2738 2739
1 1
1 1
2817 2817
1 1
1 1
1 2
2666 2666
5 6
1 1
1 1
1 1
2664 2664
24 25
11 12
10 10
1 1
1 1
2 2
1 3
1 1
1 1
1 1
0 1
1 1
1 1
1 1
3 3
1 2
2 2
1 1
1 1
2748 2748
1 1
1 2
1 1
1 1
1 1
0 1
0 1
1 1
1 1
2 2
1 1
1 1
2783 2783
2822 2822
1 1
1 1
2784 2784
2686 2686
1 1
1 1
1 1
1 1
2542 2543
5 5
1 1
2604 2605
1 1
1 1
1 2
1 1
1 1
1 1
1 1
1 1
1 1
1 1
2626 2627
1 1
1 1
1 1
2732 2733
2800 2800
1 1
2819 2819
1 1
1 1
1 1
1 1
2783 2784
1 2
1 2
2843 2844
2716 2717
1 2
3 3
3 3
1 1
5 5
2 2
2 2
2733 2734
4 5
1 1
2 3
2771 2772
1 1
3 3
2 2
2770 2770
2738 2738
1 1
1 1
2804 2804
2771 2771
1 1
1 1
2792 2792
1 2
1 1
2795 2795
1 1
2818 2818
2790 2790
1 1
1 2
2 2
1 1
1 2
0 1
2878 2878
1 1
1 1
2 2
2881 2881
1 1
1 1
2750 2750
2750 2750
1 1
0 1
1 1
1 1
2 2
1 1
1 2
1 1
1 1
1 1
2678 2678
1 1
1 1
1 1
1 1
2 2
1 1
2 2
3 3
2554 2554
1 1
1 1
1 1
2571 2572
1 2
2 2
2632 2632
2580 2581
1 1
1 1
1 1
2603 2603
1 1
2638 2639
2 2
1 1
2 2
1 2
1 1
2 2
5 5
1 1
1 1
1 1
1 1
1 1
2683 2683
1 2
2668 2668
1 1
1 1
1 1
1 1
1 1
1 1
1 1
2663 2663
2663 2663
1 1
5 5
5 5
1 1
2 2
2611 2611
1 1
2 3
1 1
2605 2605
2 2
1 1
2 2
2587 2587
1 2
2717 2718
2771 2771
1 1
2719 2719
1 1
2 2
2 2
2738 2738
1 2
1 1
3 3
1 1
1 1
3 3
1 1
2713 2714
2846 2846
1 1
1 1
2698 2698
1 1
1 1
3 3
2717 2717
1 1
0 1
1 1
3 3
4 4
1 1
2731 2731
0 1
20 20
0 1
1 1
1 1
1 1
1 1
1 1
2616 2616
2 2
1 1
2659 2659
2 2
1 1
2691 2691
9 9
1 2
1 1
1 1
1 1
2606 2606
1 2
2515 2515
1 1
2672 2672
1 1
1 2
1 1
1 1
1 1
1 1
1 1
2666 2666
2736 2737
1 1
2 2
4 4
2820 2820
2 2
1 1
1 1
2761 2762
1 1
1 1
2 2
2764 2765
2 2
2 2
1 1
2 2
2 2
2 2
2701 2702
1 1
2 2
1 1
2785 2786
2721 2721
2737 2738
1 2
1 1
1 1
2 2
2697 2698
2 2
1 1
1 1
1 1
1 1
1 1
2749 2750
2706 2706
4 4
1 2
1 1
1 1
2818 2818
2643 2643
1 1
1 1
2785 2786
1 1
2 2
1 1
1 2
2569 2570
1 1
2679 2679
1 2
2 2
2 2
1 2
1 1
1 1
1 1
4 4
1 1
2 2
1 1
2 2
2586 2586
2 2
3 3
1 1
4 4
5 5
1 2
1 1
2 2
1 1
2 2
3 3
2 2
2 2
1 1
1 1
2467 2467
1 1
1 1
0 1
1 2
2619 2619
2634 2635
1 1
2525 2525
1 1
1 1
2546 2546
2553 2553
1 1
1 2
2646 2646
1 1
2792 2792
1 1
1 1
1 2
2895 2896
1 1
1 2
2831 2831
1 1
2876 2877
1 1
1 1
1 1
1 1
2776 2776
1 1
1 1
2895 2895
1 2
2762 2762
1 1
2 2
3 3
1 1
2 2
3 3
2791 2791
2707 2707
1 2
1 1
2 2
1 1
2741 2741
2 3
1 1
1 2
1 1
1 2
2643 2643
2720 2720
2608 2608
1 1
1 1
1 1
1 1
1 1
1 1
2 3
1 1
1 1
1 1
1 1
2683 2684
1 1
1 1
1 1
1 1
1 1
2768 2768
2799 2800
2817 2817
1 1
1 1
1 1
1 1
1 1
1 1
1 1
1 1
1 2
1 1
1 1
2667 2668
1 1
1 1
1 1
1 1
1 2
1 2
2564 2565
2754 2754
2 2
2 2
3 3
4 4
5 5
6 7
3 4
1 2
1 1
1 1
1 1
1 2
1 1
1 1
1 1
1 1
1 1
2421 2421
1 1
1 1
1 1
1 1
2607 2607
1 1
1 1
1 1
2604 2604
1 1
2 2
1 2
1 2
2703 2703
1 1
1 1
1 1
2533 2533
1 1
2665 2665
1 1
1 1
1 1
1 1
1 1
1 1
2617 2617
1 2
2786 2787
2722 2722
1 1
1 2
1 1
1 1
1 2
0 1
1 1
1 1
1 1
1 1
1 1
1 1
2688 2688
1 1
2749 2750
1 1
1 1
2642 2642
1 1
1 1
1 1
1 1
2 2
2 2
1 1
2662 2663
1 1
2 2
2801 2801
2789 2789
2836 2836
2692 2693
2844 2844
1 1
1 1
1 1
2838 2838
2 2
2852 2852
1 1
2931 2931
2861 2861
1 1
2950 2950
5 6
1 1
1 2
1 2
2 2
2774 2774
2772 2772
1 2
1 1
1 1
1 1
0 1
1 1
2802 2802
1 1
1 1
1 1
1 1
2787 2787
1 1
0 1
1 1
1 1
12 13
1 1
2 2
2 2
2 2
2 2
4 4
1 1
1 2
0 0
1 1
1 1
1 2
0 1
1 1
1 1
2649 2649
1 1
1 1
2626 2626
1 1
1 1
1 2
2571 2571
1 1
1 1
1 1
3 3
1 1
1 1
2 2
2 2
1 2
1 2
2493 2493
2 2
1 1
2 2
1 1
3 3
2487 2488
1 2
2 2
2626 2626
1 2
2615 2615
1 1
4 4
1 2
2672 2672
1 1
1 1
1 1
1 1
1 1
1 1
1 2
2643 2643
2659 2659
2 2
1 2
2 2
1 1
3 3
1 1
2575 2575
1 1
2642 2642
2681 2681
1 1
1 1
2664 2664
1 1
2611 2612
1 1
1 1
2 3
1 1
1 2
1 1
1 1
2663 2663
1 1
1 1
1 1
1 1
1 1
1 1
1 1
2833 2834
1 1
2831 2831
2792 2792
2725 2725
1 2
3 3
5 5
7 7
2 2
3 4
2717 2717
8 8
1 3
3 3
0 1
1 1
2778 2779
1 1
0 0
1 1
2629 2629
2577 2577
1 2
1 1
1 1
1 1
2670 2670
2 2
1 1
1 1
2734 2735
2614 2614
2670 2670
1 1
1 1
1 2
2657 2657
1 1
1 1
2758 2759
1 1
2 2
1 2
2 2
1 2
0 1
1 1
2 2
5 5
2633 2634
2713 2713
0 1
1 1
1 1
1 1
1 1
2 2
1 1
2 2
1 1
1 1
2610 2610
2611 2611
1 1
0 1
1 1
1 1
2 2
0 0
1 1
1 1
1 1
1 1
1 1
2599 2599
2 2
1 1
4 4
1 1
1 1
1 1
2346 2346
2522 2522
2591 2591
9 10
2 2
2 3
2 2
1 1
2569 2570
1 1
1 1
1 1
2785 2785
1 1
2 2
1 1
1 1
2 2
0 1
1 1
2 2
1 1
2 2
1 2
2 2
2503 2503
1 1
2 2
1 1
2739 2739
1 1
5 5
1 1
1 1
1 1
1 2
3 3
1 1
2622 2622
1 1
1 2
0 1
1 2
1 1
2528 2528
1 1
1 1
0 1
1 1
2 2
2544 2545
1 1
2374 2375
9 9
1 1
1 1
1 1
1 1
1 1
1 1
1 1
2578 2578
3 3
1 1
2465 2465
1 1
1 1
1 1
2674 2675
2 2
1 2
2653 2654
1 1
1 1
2747 2747
7 7
2889 2889
1 1
2 2
3 3
2557 2558
1 1
2 2
2 2
2595 2596
1 1
2 2
3 3
2 2
1 1
2 2
2 3
0 1
1 1
2 2
1 1
1 1
2615 2615
5 5
1 1
13 13
1 2
1 2
3 3
4 4
4 5
2 2
7 7
5 5
5 6
1 1
2 2
1 1
2463 2463
1 1
1 1
1 1
1 1
2 2
2 2
1 1
1 1
2 2
2 3
1 1
2 2
2 2
2 2
2 3
1 1
2 2
2461 2461
1 1
2290 2290
1 1
1 2
1 1
1 1
2 2
1 1
1 1
1 1
2152 2152
1 1
2 2
1 1
1 1
2344 2344
1 1
2 2
1 1
2571 2572
2566 2566
2565 2565
6 6
1 1
2 2
1 1
1 2
1 1
1 1
1 2
1 2
1 1
2542 2543
3 3
1 1
2724 2725
2736 2736
1 1
1 1
1 1
1 2
1 1
2 2
1 1
1 1
1 1
2593 2593
2837 2837
1 1
1 1
1 2
1 1
1 1
1 1
1 1
1 1
1 1
1 1
1 1
2732 2732
1 1
2596 2597
2 2
1 1
2527 2527
1 1
1 2
9 9
1 1
1 1
1 1
2638 2638
2786 2787
2783 2783
2760 2761
1 1
2788 2789
2866 2867
2835 2835
1 1
2876 2877
1 1
2892 2892
1 1
2 2
1 2
2902 2902
1 1
1 1
1 2
1 1
1 1
2 2
1 1
2822 2822
1 1
1 1
2 2
1 2
3 3
1 1
2 2
1 2
3 3
1 1
1 1
1 1
2767 2768
5 5
2733 2733
1 1
2 2
2 2
1 1
1 1
2 2
2 2
1 1
3 4
4 4
5 5
2580 2580
5 5
1 1
2 2
1 2
1 2
2 2
2519 2520
1 1
2507 2508
1 1
1 1
1 2
1 1
0 1
2467 2467
1 1
2 2
1 1
1 2
1 1
2521 2521
1 1
1 1
1 1
1 1
2 2
2535 2535
1 1
1 1
1 1
1 1
2 2
1 1
2666 2666
2697 2698
1 1
2749 2749
2820 2820
1 1
1 1
1 1
1 1
1 1
0 1
0 1
1 1
1 1
1 2
1 1
2598 2598
2 2
2 2
1 2
1 1
2 2
1 1
1 1
2 2
1 1
1 1
1 2
2 2
5 5
2795 2796
1 1
1 1
2820 2820
2695 2695
1 1
0 1
0 0
1 1
1 1
1 1
2 3
5 5
1 1
1 1
1 1
2284 2284
1 1
1 1
2235 2235
13 13
1 1
1 1
2 2
2335 2335
2 2
1 1
1 1
1 2
1 1
1 1
2 2
2476 2476
1 1
1 1
2882 2882
1 2
1 1
2760 2760
1 1
1 1
2820 2820
1 1
1 1
1 1
1 1
1 2
1 1
2815 2817
2 2
1 1
1 1
2 3
1 1
2526 2526
2840 2840
3 3
4 5
1 1
1 1
1 1
1 1
1 1
2 2
2 3
3 3
1 1
2 2
1 2
2625 2625
2 2
2 2
1 2
2 2
2 2
2640 2640
1 1
2 2
1 1
2488 2488
1 1
2700 2701
2539 2539
1 1
1 1
1 2
2 2
1 1
1 1
1 1
2599 2599
1 1
2 2
2 3
1 1
1 1
1 1
3 3
1 1
1 1
1 1
2798 2798
1 1
2714 2714
2779 2779
1 1
2 2
1 1
2646 2646
2416 2416
2 2
2 2
3 3
0 0
1 1
2 2
3 4
1 2
4 4
1 1
1 1
0 1
2715 2728
9 10
1 1
1 1
1 1
1 1
2 2
4 4
2399 2400
1 1
1 1
1 1
1 1
1 1
2590 2591
1 1
2451 2451
1 1
1 1
2 2
1 1
0 0
1 2
0 0
5 5
1 2
1 1
2695 2695
1 1
2744 2744
2567 2568
2761 2761
1 1
0 1
2846 2848
1 1
3 3
3 3
1 1
1 1
1 1
0 1
1 1
1 1
2767 2768
2 2
2675 2675
4 4
1 1
2 2
1 1
1 1
1 1
2544 2545
1 2
3 3
4 4
1 1
1 1
1 2
1 1
1 1
1 2
1 2
1 1
0 1
1 1
1 1
1 1
2758 2758
1 1
1 1
2642 2643
1 1
1 1
2620 2620
1 1
1 1
1 1
2608 2608
1 1
1 1
1 1
1 2
2 2
2235 2236
2525 2525
1 2
2 2
1 1
1 1
1 1
1 2
1 1
1 1
1 1
2504 2504
1 1
1 1
2 2
1 1
2 2
2712 2712
2734 2735
1 1
2 2
1 2
1 2
1 2
1 1
2638 2638
2 2
1 1
1 1
0 1
2 2
1 1
1 1
1 1
1 1
2583 2583
1 1
1 1
1 1
2490 2490
1 2
1 2
1 2
1 1
2 2
2 2
3 3
2 2
2 2
1 1
1 1
1 1
1 1
2 2
2560 2561
2655 2655
1 1
13 13
2648 2648
2 2
3 3
1 1
1 1
1 1
2 3
2 2
2 3
2465 2466
5 5
5 6
6 7
2 2
1 1
6 6
1 1
2 2
1 2
4 4
1 1
2 2
1 1
2 2
2 2
3 3
3 4
2422 2423
2456 2456
4 5
1 2
2440 2441
2 2
1 1
2 2
1 1
1 1
1 1
1 1
2410 2410
1 19
1 1
1 1
1 1
2472 2472
8 8
1 1
1 1
1 1
1 1
1 1
1 1
1 1
1 1
1 1
1 1
1 2
1 1
2602 2602
2503 2503
2 2
1 3
2 2
1 2
2685 2686
2 2
1 1
1 2
1 1
1 1
2703 2703
1 2
2667 2667
1 2
1 1
2831 2831
1 2
2663 2663
2 2
1 1
1 2
3 3
1 1
1 2
1 1
2780 2780
2 2
1 1
1 1
2 2
3 3
2 2
1 2
1 1
1 1
2719 2719
1 2
1 1
1 1
1 1
2 2
5 6
5 5
1 1
2 2
1 2
1 2
1 1
1 1
1 1
2537 2537
1 1
2477 2478
2612 2612
1 1
3 3
1 1
0 1
1 1
2 2
2667 2668
1 1
2 2
1 1
1 2
1 1
1 1
0 1
2555 2555
1 1
0 1
1 1
1 1
1 1
1 1
2447 2447
2411 2412
2 2
1 1
2 2
2 2
1 1
2 3
1 1
2 2
3 3
2 2
5 5
1 1
1 1
2 2
1 1
1 1
2 2
1 1
1 2
1 1
1 1
2399 2401
2 2
1 2
3 3
1 1
2 2
3 3
2 2
5 5
1 1
1 1
1 1
1 1
1 1
1 1
1 2
1 2
2414 2414
1 1
1 1
1 1
1 1
2322 2322
1 1
1 1
1 1
2 2
3 3
3 3
2240 2240
2 2
1 3
1 1
1 1
1 1
2121 2122
1 1
2283 2283
1 1
2614 2614
2506 2506
2681 2682
1 1
0 1
1 1
1 1
1 1
2 2
1 1
2 3
2715 2715
1 1
1 2
2 3
1 2
2 2
1 1
1 1
2 2
0 0
1 1
2 2
2 2
1 1
1 1
1 1
1 1
0 0
2566 2567
1 1
1 1
2556 2556
2 2
1 1
3 3
2527 2527
1 2
1 1
2 2
0 2
1 1
4 5
1 2
0 1
2491 2491
4 4
2 2
3 3
3 4
2553 2553
2 2
1 1
2 2
3 3
4 4
1 1
1 1
1 2
2 3
3 3
1 1
5 6
1955 1956
1 2
2443 2443
1 1
6 6
1 1
1 1
2290 2290
2375 2375
1 1
1 1
1 1
2736 2736
2727 2728
1 1
2 2
1 1
1 1
1 1
2832 2833
2770 2770
2858 2858
2846 2846
2400 2400
1 1
2 2
3 3
23 23
2678 2678
1 1
1 1
6 6
7 7
1 1
2 2
1 1
3 3
4 4
1 1
1 1
2 2
0 0
6 6
0 1
2 2
2 2
3 3
0 1
1 1
2 3
4 4
0 1
1 2
3 3
7 8
1 1
1 1
0 0
1 1
2 3
3 4
2103 2103
1 1
2 2
0 0
3 3
4 4
2 3
1 1
1 1
0 1
2 2
0 0
1 1
2 2
1 1
2148 2148
1 1
2371 2371
2447 2447
1 1
1 1
1 2
1 1
2472 2472
1 2
2628 2629
1 1
1 1
1 1
2549 2549
1 1
4 4
1 1
0 0
1 1
2 2
1 2
2543 2543
9 10
1 1
1 1
1 2
1 1
2753 2753
1 1
1 1
1 1
2 2
5 5
2642 2642
1 1
1 1
1 1
2694 2694
1 1
1 1
2608 2609
1 1
1 1
1 1
1 1
1 1
0 2
2467 2468
1 1
1 2
2701 2702
1 1
1 1
3 3
2684 2684
1 1
2774 2775
1 1
1 1
2824 2824
2 2
1 1
2843 2843
1 1
2777 2777
1 1
1 1
2 2
1 1
2710 2710
1 1
1 1
1 1
1 1
1 1
2720 2720
1 1
1 1
1 1
1 1
1 1
1 2
1 1
2786 2786
2 3
2 2
2 2
3 3
1 2
1 1
1 1
2593 2593
1 1
1 1
1 1
1 1
1 1
1 2
2610 2610
1 1
2611 2611
1 2
2 3
0 1
1 2
1 1
2596 2596
2732 2732
2771 2771
2734 2735
2 2
1 1
1 1
2 2
2 2
1 1
3 3
1 1
2659 2659
2 2
2 3
1 1
1 1
1 1
1 1
1 2
1 1
2 2
3 3
4 4
1 1
1 1
2 4
1 2
2 2
3 3
1 1
1 2
3 3
2644 2644
2538 2538
2 2
1 2
1 1
2 2
1 1
4 4
1 2
2 2
1 2
1 2
2604 2604
1 1
1 1
2 2
1 2
2427 2427
1 1
1 1
1 1
1 1
1 1
1 1
1 1
2583 2584
2564 2564
2 2
1 2
1 1
1 1
2431 2431
1 1
2693 2694
2 2
2714 2714
2 2
2702 2702
1 2
2 2
3 3
1 2
2692 2692
2 2
3 3
2 2
2 2
1 1
1 1
2 3
4 4
1 1
2 2
3 3
2647 2647
1 1
2 2
3 3
2452 2453
3 3
4 4
1 1
3 3
2 2
1 1
1 1
2 2
1 1
2 2
4 4
3 3
1 1
2665 2665
2689 2689
1 1
2742 2742
2368 2368
1 1
1 1
1 1
1 1
1 1
1 1
1 1
2 2
3 3
1 1
2 2
1 1
1 1
2647 2647
1 1
2587 2587
1 1
2640 2640
1 1
2720 2720
2 2
4 5
1 1
2 2
2 3
1 1
2 3
2568 2569
2 3
1 1
1 2
1 1
2753 2754
2744 2744
1 1
1 1
1 1
2730 2730
1 1
1 2
2678 2678
1 1
1 1
1 2
1 1
2651 2651
1 1
1 1
1 2
2 2
3 4
4 4
1 1
1 1
1 1
3 3
2 2
3 3
3 4
1 1
2 2
1 1
1 1
1 1
1 2
1 2
1 1
1 2
1 1
2491 2492
3 3
1 1
2336 2336
1 1
2 4
1 1
2 2
2 2
1 1
2505 2505
2522 2522
1 1
1 1
1 1
1 1
1 1
1 1
1 1
1 1
1 1
2 2
2510 2510
2683 2683
1 1
1 1
1 1
2 2
2 2
3 3
1 1
2 3
1 1
2 2
2 2
1 1
1 1
2 2
1 1
2 2
1 1
2 2
2545 2546
6 7
1 1
1 1
2554 2554
6 6
2518 2518
11 12
2 2
1 1
1 1
1 1
2 2
1 2
1 2
1 2
2 2
1 1
2 2
2551 2551
2550 2550
1 1
1 1
1 1
1 1
2561 2561
2 2
2550 2550
1 2
1 1
1 1
2578 2578
1 1
1 2
2 2
1 1
1 2
1 1
1 1
1 1
2664 2664
1 1
1 1
1 1
2675 2675
2795 2796
2 2
2771 2772
2777 2777
1 1
3 3
3 4
1 2
1 1
1 1
1 1
1 1
1 1
5 5
2723 2723
1 1
2 2
2 2
1 2
1 1
1 2
2719 2719
1 1
2675 2675
1 2
1 1
1 2
1 1
2659 2659
10 10
2 2
3 3
2 2
2 2
1 1
2 2
1 1
2 2
1 1
1 2
2642 2642
2655 2655
1 2
2 2
3 3
2 2
1 1
3 3
2633 2633
2 2
3 3
4 4
2 2
2 3
5 5
1 1
2 2
1 2
2 2
3 3
2 2
2493 2493
1 1
2 2
1 2
2 3
3 3
3 3
1 1
1 2
2 2
2562 2562
1 2
1 1
2692 2692
1 1
2482 2482
2449 2450
2 2
1 2
2476 2476
1 1
2 2
1 2
1 1
2800 2800
1 1
1 1
1 1
2 2
2778 2778
11 11
2 2
2932 2932
1 2
1 2
2920 2920
2 2
4 4
5 5
2801 2801
2 2
3 3
1 1
2639 2639
2 2
1 2
2761 2763
1 1
1 2
1 1
2626 2626
1 1
1 1
1 1
5 5
1 1
2509 2509
2 2
1 1
1 1
1 1
1 2
2620 2620
1 2
2 2
1 2
1 1
2 2
2 2
1 1
2 2
1 1
2 2
1 1
2701 2701
2671 2671
2620 2621
9 9
1 1
1 2
1 1
2696 2696
2580 2580
1 1
2 2
3 3
4 4
0 2
1 1
2716 2716
2 2
3 3
2 3
3 3
3 3
4 5
4 5
2603 2603
1 1
2 2
2 3
3 4
2 2
1 1
0 1
0 0
1 1
1 2
1 1
2 2
1 1
1 1
2611 2611
1 2
0 1
1 1
2568 2569
7 7
3 3
1 1
1 1
1 1
1 1
1 2
1710 1710
1 1
1 1
2 2
1 1
1 1
1 1
1 1
2592 2592
2 2
1 1
1 1
2694 2694
1 1
2657 2657
1 1
1 1
2692 2692
1 1
1 1
2642 2642
2595 2597
1 1
1 1
2 2
1 1
2679 2679
1 1
1 1
2 2
2751 2751
2 2
2 2
2 2
1 1
3 3
4 4
3 3
3 3
4 4
2687 2687
1 1
1 1
2672 2673
1 1
1 1
1 1
1 1
1 1
1 2
1 1
2 2
1 1
1 1
2539 2540
2562 2562
2608 2608
1 2
1 1
2 2
2637 2637
1 1
2 3
3 3
1 1
3 3
0 1
2621 2621
1 1
1 1
1 1
1 1
1 1
0 1
1 1
1 1
1 1
1 1
2633 2633
2659 2659
2665 2665
1 1
0 0
1 1
1 1
1 1
2707 2707
1 1
2 2
2703 2704
15 17
15 16
16 17
1 1
2 2
9 9
1 1
1 1
1 1
1 2
1 1
2958 2958
2929 2929
1 1
2 2
2979 2979
1 2
2 2
1 2
2 2
5 5
2 2
2971 2971
2817 2818
1 1
1 1
3056 3056
3051 3052
1 1
2 2
3 3
1 2
2 2
3 3
2 2
1 1
2933 2933
1 1
2 2
1 2
2990 2990
2596 2596
1 1
1 1
2727 2728
1 1
1 1
2599 2599
5 5
1 1
1 1
1 1
1 1
1 1
2861 2861
2638 2638
1 2
1 1
2778 2780
1 1
3 3
4 4
2835 2835
1 1
2637 2637
1 1
1 1
1 1
1 1
2 2
1 1
1 1
1 1
2 2
2760 2760
1 2
2 2
1 2
1 1
2656 2656
1 1
1 1
1 2
1 1
1 1
1 1
1 1
1 1
1 1
2538 2538
1 1
1 1
2662 2663
1 1
2718 2718
2682 2682
2706 2706
1 1
1 1
1 1
1 1
2702 2702
1 2
0 2
2 2
1 1
2636 2636
2730 2730
1 1
1 1
2 2
0 0
1 1
2 2
0 0
0 1
0 2
0 0
0 0
0 2
1 1
0 0
0 0
0 0
1 1
2595 2595
1 1
1 2
1 1
0 0
1 1
2 2
3 3
1 1
2567 2567
1 1
2 2
2 2
0 0
1 1
1 1
2 2
1 1
0 0
2 2
3 3
1 1
1 2
2 2
1 2
1 1
2 2
2 2
2535 2535
2121 2122
1 1
1 1
1 2
1 1
1 1
2112 2112
3 4
1 1
1 1
1 1
0 2
1 1
0 2
2 2
4 4
1 2
2374 2374
1 1
2 2
3 3
1 1
1 2
3 3
4 4
2 2
5 5
1 1
2 2
1 1
1 1
1 1
1 1
1 1
2506 2507
1 2
1 1
1 1
1 1
2439 2439
1 1
1 1
1 1
1 2
1 1
2471 2471
2601 2602
1 2
1 1
2620 2620
1 2
2 2
3 3
1 2
1 1
2 3
2425 2426
5 5
1 1
1 1
2 3
0 1
2445 2445
1 1
1 1
0 2
1 2
1 2
1 2
2 3
1 1
1 1
1 1
3 3
4 4
4 5
9 9
1 2
2 2
1 1
2 2
2242 2242
2547 2547
2422 2422
1 1
1 1
1 1
1 1
1 1
1 2
2721 2721
2720 2720
3 3
3 3
1 1
2 2
1 1
1 1
1 1
2 2
1 1
2768 2768
1 1
1 1
1 1
1 1
1 1
1 2
1 1
1 1
1 1
2 2
2568 2568
2652 2652
1 1
0 0
1 1
1 1
2774 2775
1 2
2582 2582
2 2
1 1
1 1
1 1
2 2
1 2
1 1
2 2
2667 2668
2 2
2 3
2 2
2 2
2393 2393
1 2
2 2
1 1
2 2
3 3
0 2
1 1
1 1
1 1
1 1
1 1
1 2
1 1
1 1
0 1
2534 2534
2530 2530
1 2
2666 2666
1 1
2621 2621
2 2
2521 2522
1 1
1 1
2765 2765
1 1
2 2
1 2
1 1
2781 2781
1 2
2727 2727
1 1
1 1
1 1
2774 2775
1 2
2810 2810
1 2
1 1
1 1
1 1
5 5
1 1
1 1
1 1
1 1
1 1
2735 2736
1 1
2818 2818
2695 2695
2730 2730
2 2
1 1
1 1
1 1
3 4
2774 2774
1 1
1 1
2727 2727
2 2
1 1
1 1
1 2
2 2
2 2
2 2
1 1
2 2
2674 2674
1 1
2 2
1 1
2 2
1 1
1 1
0 0
3 3
1 1
2 2
1 1
1 1
2 2
1 1
2 2
1 1
4 4
5 6
1 1
2 2
1 1
3 3
2413 2414
1 1
2530 2531
1 1
0 2
1 1
2508 2509
2603 2603
1 2
1 1
1 1
1 2
1 1
2453 2453
1 1
1 2
2526 2526
1 1
2 2
1 1
1 1
1 1
1 1
2407 2407
1 2
2 2
1 1
1 1
1 2
2 2
2770 2770
2794 2794
2769 2769
2709 2709
2 2
1 1
2 2
1 1
2718 2719
3 4
2 2
1 1
1 2
1 1
2 2
1 1
1 1
1 1
1 1
2766 2766
2563 2563
1 1
1 1
3 3
2678 2679
1 1
2 3
2 2
2669 2669
2 2
2854 2855
1 1
2836 2836
2778 2778
2765 2765
1 2
1 1
1 1
1 1
2891 2891
1 1
1 1
1 1
2836 2837
1 1
2826 2826
1 1
1 2
2682 2683
1 2
1 2
1 1
1 1
2766 2766
1 1
1 1
1 2
2 2
2780 2780
1 1
2779 2779
1 2
1 1
1 1
0 0
1 2
2 2
1 1
1 1
2 2
1 2
2677 2678
1 1
1 1
1 1
1 2
1 1
2710 2710
1 1
2690 2690
1 1
1 1
1 1
1 2
2759 2759
1 2
2800 2801
2631 2632
2 2
1 1
2691 2691
2 2
2 2
1 1
2 2
1 1
1 2
1 2
1 1
1 1
1 1
1 1
1 1
1 1
2666 2667
2 2
1 1
2618 2618
1 1
1 2
1 1
1 1
1 1
2 2
1 1
1 2
2813 2814
2733 2733
1 1
2 2
3 3
1 2
3 3
2841 2841
1 1
1 1
1 1
2818 2818
4 4
2760 2760
1 1
2244 2244
2727 2727
2798 2799
9 9
5 5
2 2
1 2
1 2
2 2
3 3
1 2
1 2
2814 2815
2 3
1 1
2722 2723
2769 2770
1 1
1 1
1 1
3 3
1 2
2775 2775
1 1
1 1
2 2
2 2
1 1
1 1
2756 2756
2695 2695
1 1
1 1
1 2
0 0
1 1
2707 2707
25 25
2 2
1 1
2663 2664
1 1
1 1
2695 2695
1 1
1 1
1 2
1 1
1 1
1 2
3 3
2680 2681
1 1
1 1
1 1
2604 2604
1 1
2697 2697
1 1
1 1
2 2
1 1
1 2
2682 2682
2724 2724
5 5
1 2
2718 2718
1 1
3 3
1 1
2700 2700
1 1
1 1
2 2
2773 2774
1 1
2 3
4 5
5 6
1 1
2 2
2635 2635
4 5
5 5
1 2
2789 2789
1 2
2686 2686
2700 2700
1 1
1 1
1 2
2 2
2 3
1 1
1 1
2705 2705
1 1
1 1
1 1
1 1
2685 2685
2656 2656
1 1
1 2
1 1
2685 2685
1 2
1 1
1 1
2826 2827
1 1
2801 2802
1 1
2723 2723
2 2
3 5
2825 2825
1 1
1 1
1 2
1 1
1 1
1 1
2679 2679
3 3
2 2
1 2
1 1
1 1
1 1
1 1
2 2
1 1
2 2
2 2
1 2
1 1
1 1
2 2
1 1
1 1
1 1
1 2
1 1
1 1
1 1
1 1
1 1
2520 2520
1 1
2609 2609
1 1
2609 2609
2586 2586
1 1
1 1
2703 2703
2733 2733
1 1
2686 2686
1 1
1 1
2900 2900
1 2
2922 2922
1 1
1 1
1 1
1 2
2901 2901
2909 2909
1 1
2 2
2 2
1 1
1 2
2 2
2809 2810
1 1
2914 2915
2 2
1 1
1 1
2 2
1 1
1 1
1 1
2895 2896
2768 2768
2734 2734
1 2
2711 2712
1 1
2 2
1 1
2 2
1 1
1 1
1 1
1 1
2803 2803
2774 2775
1 1
1 1
1 1
2749 2750
1 1
1 1
0 1
2 2
1 1
1 1
1 1
2738 2738
1 1
1 1
1 1
1 1
1 1
1 1
2626 2626
1 2
2773 2773
1 1
1 1
2682 2683
1 2
1 2
1 1
2 2
3 3
1 1
1 1
1 1
1 2
1 1
1 1
1 1
2655 2655
1 1
1 1
2 2
2659 2659
1 1
1 1
2 2
2573 2573
1 1
1 3
2 2
1 1
1 1
12 12
1 1
1 1
1 1
1 1
3 3
1 1
1 1
2570 2570
1 2
1 1
2675 2675
7 7
1 1
2511 2512
1 1
1 1
1 1
0 2
1 1
1 2
1 2
2685 2685
1 1
1 1
1 1
2615 2615
1 1
1 1
1 1
1 2
1 1
2684 2686
1 1
1 1
2727 2727
1 1
2707 2707
1 2
2850 2851
1 1
1 2
1 1
1 1
1 1
1 1
1 1
1 1
2 2
1 1
1 2
2805 2805
0 2
2585 2585
1 1
1 1
1 1
2639 2639
2 2
3 3
2 2
3 3
5 5
1 1
2 2
2814 2814
3 3
2727 2728
2743 2743
2734 2734
2592 2593
2911 2911
1 2
1 1
1 1
2857 2857
1 1
2834 2834
2 2
2845 2846
2848 2848
1 1
2833 2834
1 1
1 1
1 1
1 1
2843 2843
1 1
2804 2805
1 2
2828 2828
1 1
12 13
13 13
1 1
1 1
3 3
1 1
1 2
2 2
2 3
0 1
2737 2737
1 2
2 2
5 5
2 2
0 1
12 12
1 1
2 2
1 1
1 1
1 1
1 1
2 2
2 2
2 2
0 0
1 1
1 1
2582 2582
1 2
1 1
1 1
2 2
2605 2605
1 1
2503 2503
2 2
1 2
1 1
3 3
1 1
1 1
2 2
1 1
2452 2452
2 2
2 2
2364 2365
1 1
1 2
1 1
1 2
3 3
1 1
1 1
2640 2640
1 1
1 1
2722 2722
2 2
2675 2676
1 1
1 1
1 4
1 1
2 2
1 2
2 2
1 2
2 2
1 1
2670 2670
2674 2674
1 1
1 1
2 2
1 2
2824 2824
1 1
2652 2652
2615 2615
1 1
2909 2909
1 1
1 1
1 1
2960 2961
1 1
2 2
1 1
1 1
1 1
1 1
2791 2791
2 2
1 1
2 2
1 1
1 1
1 1
2553 2553
2 2
2541 2541
5 5
3 3
1 2
2967 2967
1 1
1 3
1 1
2913 2913
2 2
1 1
1 1
1 1
2524 2524
2 2
1 1
2 2
2853 2854
1 1
1 1
2448 2448
1 1
1 1
2741 2741
1 1
1 1
2839 2839
3 3
2 2
1 1
2685 2685
2812 2812
2865 2866
2 2
1 1
1 1
2790 2790
1 2
1 1
2 2
2 2
1 1
2 2
2981 2981
1 1
1 1
2 2
2705 2705
1 2
5 5
1 2
2865 2865
2 2
1 1
1 2
2 2
2 2
1 1
1 1
1 1
1 1
2 2
2716 2716
1 1
0 0
2782 2782
1 2
1 1
1 1
2 2
4 4
1 2
1 1
1 1
1 1
1 1
11 13
2 2
2695 2695
2 2
1 2
2459 2459
2577 2579
2591 2591
1 1
1 2
1 1
1 1
2 2
1 1
1 1
2676 2677
1 1
1 1
2808 2810
1 1
2 2
1 1
2 2
1 1
1 1
1 1
2 2
16 17
3 4
1 1
1 1
2 2
1 1
1 1
1 1
2 2
1 1
2765 2766
2905 2905
1 1
1 1
1 1
2 2
2853 2853
1 1
2 2
3 4
1 1
2 2
1 1
1 1
2351 2351
2687 2687
1 1
1 1
1 1
1 1
1 1
2580 2581
1 2
1 2
1 1
1 1
1 2
1 1
1 2
2412 2412
3 3
1 1
2751 2751
1 1
2529 2529
1 1
1 1
2 2
1 1
1 1
1 1
1 1
2690 2690
1 1
1 1
2814 2814
1 1
2833 2834
1 2
3 3
3 3
1 1
2 2
1 1
1 1
6 6
1 1
2 2
2684 2684
2744 2744
1 2
1 2
1 1
2587 2587
1 1
1 1
3 3
1 2
1 1
1 2
1 1
1 1
2 2
0 1
1 1
2 2
1 1
2 2
1 1
2 2
1 1
2 2
2595 2596
1 1
2 3
1 1
5 5
3 4
1 1
2 2
3 3
2448 2448
1 1
2 2
1 1
1 1
1 2
2 2
1 1
3 3
1 1
1 1
3 13
1 1
1 1
2188 2189
2 3
1 1
1 1
1 1
2599 2600
1 1
25 25
1 2
2712 2713
2562 2562
1 1
2 2
2 2
3 3
2917 2917
2845 2846
1 1
1 1
2 2
3 3
2 2
3 4
2 2
3 3
5 5
1 2
2776 2776
3 3
2 2
3098 3099
3035 3035
1 1
2 2
1 1
1 1
2823 2823
1 1
1 1
2714 2714
1 1
1 1
2 2
0 1
1 1
2 3
1 1
1 2
2 2
0 1
1 1
2 2
4 4
1 1
2646 2647
2574 2574
2627 2627
1 1
1 1
1 1
2 2
1 1
1 1
1 1
1 1
1 1
2655 2655
2631 2631
2658 2658
2647 2649
2 2
2818 2818
2769 2769
2803 2803
1 1
2917 2917
1 1
2913 2914
1 1
1 1
1 1
2876 2876
1 1
1 1
1 2
1 1
1 1
2838 2838
14 14
1 1
1 1
1 1
2810 2810
0 1
1 1
3 3
0 0
1 1
1 1
1 1
1 1
2714 2715
1 1
2 2
3 3
1 1
1 1
1 1
2 2
1 1
2560 2561
1 2
2 2
1 1
1 2
1 1
1 1
1 1
1 1
3 3
1 1
1 1
1 1
2526 2527
1 1
2617 2618
2 2
1 1
1 1
2409 2410
1 2
2 2
2 2
1 2
4 4
4 4
1 1
2369 2369
1 1
1 1
1 2
1 1
1 1
1 1
1 1
2580 2580
1 1
1 1
1 1
1 1
2715 2715
2712 2712
1 1
0 1
2774 2774
2735 2735
2 2
1 1
1 1
2 2
1 1
1 1
5 5
1 1
2 2
3 3
1 1
2 3
1 1
2 2
2703 2703
1 1
2 2
1 1
1 2
1 1
1 1
1 1
1 1
0 1
2598 2598
1 1
2494 2495
1 2
1 1
2 2
2748 2749
1 1
1 1
1 1
1 1
1 1
2 2
1 1
1 1
1 1
2484 2485
1 1
1 1
1 1
2764 2764
1 2
2 2
1 2
2611 2612
2799 2799
2 2
1 1
2 2
1 1
2 2
1 1
2 2
5 5
2648 2648
2849 2850
1 1
1 1
1 1
1 1
2839 2839
1 2
2679 2679
2 2
2 2
1 1
1 1
1 1
1 1
2742 2743
1 2
1 2
1 1
3 3
4 4
2657 2657
1 2
1 2
1 1
1 1
1 1
1 1
1 2
2 2
2 3
1 2
1 1
2 2
5 5
2 2
1 1
1 1
2 2
2523 2523
3 3
1 1
1 1
1 1
2544 2544
2479 2479
2673 2673
1 1
2 2
2700 2700
1 1
1 1
1 2
1 1
2585 2585
1 1
1 1
1 1
1 1
3 3
1 2
1 1
1 1
2 2
1 2
1 1
1 1
2774 2774
2797 2798
2928 2928
1 2
2 2
1 1
2 2
2 2
2597 2597
1 1
1 1
1 1
1 2
1 2
1 1
1 2
2 2
1 1
1 2
1 1
2 2
2841 2841
1 1
1 1
1 1
2 2
2638 2640
2 2
1 3
1 2
2430 2430
1 1
1 1
2873 2873
1 1
1 2
2542 2543
2 2
1 1
1 1
1 2
1 1
2 2
1 1
1 1
1 1
1 1
1 1
2825 2825
2604 2604
1 1
2657 2658
2712 2712
2 2
1 1
1 1
2 2
1 1
1 2
1 1
1 1
2695 2695
1 1
1 2
2 3
3 3
5 5
2656 2657
1 2
3 3
2667 2668
1 1
1 1
1 1
1 1
2 2
1 1
2 2
3 3
2 2
3 3
2 2
3 3
2 2
3 3
2 2
2621 2621
1 1
1 2
2479 2479
1 2
1 2
2 2
2666 2666
1 1
1 1
2629 2629
2651 2651
1 1
1 1
1 1
1 1
1 1
2 2
1 1
2 2
2536 2536
1 1
2 2
1 1
1 1
1 1
2665 2665
1 1
1 1
1 1
1 1
2788 2788
1 1
1 1
1 1
2668 2668
2767 2767
1 1
1 1
0 1
1 1
1 1
1 1
2 3
4 4
1 1
2 2
4 5
2642 2642
1 1
1 1
2566 2566
1 1
1 1
1 1
1 1
1 1
1 1
2 2
5 5
2559 2559
9 9
2 2
2 2
1 1
1 2
1 1
2 2
1 1
0 2
1 1
2530 2530
1 1
1 1
2 2
1 1
1 1
1 1
2642 2642
1 1
2679 2679
2 2
2 2
3 3
3 3
2 2
1 1
2 3
2 2
2 2
2 3
2 2
3 3
2 2
1 2
3 3
1 2
1 1
2 2
1 1
2659 2660
1 1
1 1
2 2
1 2
2428 2429
1 1
2 2
2366 2366
2560 2560
3 3
1 2
3 3
1 1
1 1
1 1
1 1
2764 2764
1 1
2 2
1 1
2751 2752
13 14
1 1
1 1
1 2
1 2
1 1
1 2
1 1
1 2
2637 2638
1 1
1 2
1 1
1 1
2 2
2 2
1 2
1 2
2808 2809
2783 2783
1 2
2 2
2 2
1 2
1 1
1 1
2799 2799
1 1
2783 2784
2 2
1 1
2784 2786
1 1
1 1
2 2
2766 2767
25 25
2 2
1 1
2674 2674
1 1
1 1
1 1
1 1
1 1
1 1
1 1
4 4
1 1
1 1
1 1
2638 2638
2 2
1 1
1 1
1 1
1 2
1 1
1 1
2 2
1 1
2 2
2 2
2 2
1 1
1 2
2689 2689
1 1
2710 2710
1 1
1 1
2720 2721
1 2
1 2
1 1
2702 2702
1 1
2 2
3 3
2 2
1 1
2 2
1 1
1 1
1 1
2 2
2 2
2 2
2 2
3 3
1 1
2 2
2659 2660
1 2
3 3
4 4
2598 2598
1 1
2 2
10 10
2529 2529
2 2
6 6
1 1
1 1
2 2
1 1
2385 2385
1 1
3 3
1 1
1 2
1 1
1 1
1 2
2 2
2 2
3 3
1 2
1 1
1 1
1 1
2 2
1 2
2 3
5 5
1 1
2279 2280
2 2
0 2
2 2
1 1
2 3
1 2
2 2
2505 2505
1 1
1 1
1 1
1 1
1 1
1 1
1 1
1 2
1 2
4 4
1 2
2371 2371
1 1
2189 2191
1 2
2632 2632
1 1
2662 2664
2679 2679
2 2
1 2
2735 2735
12 12
1 1
2 2
2 2
2 2
2793 2794
1 2
2 2
0 0
1 1
2 2
3 4
2 2
2 2
3 3
1 1
4 4
5 5
4 4
5 5
1 1
2 2
1 2
2 2
1 1
2 2
1 2
2 2
2708 2708
2647 2647
1 2
2 3
1 1
2 2
2662 2662
1 2
1 1
2495 2495
1 1
21 21
1 1
2 2
1 1
1 1
1 1
2637 2638
1 1
2 2
1 1
1 2
1 1
2 2
3 3
8 8
2 2
2 2
1 1
5 5
2431 2431
2442 2442
1 1
1 1
1 1
1 1
1 1
2422 2422
2658 2660
1 1
1 2
1 1
2862 2863
2850 2850
3 3
2895 2896
2 2
2855 2856
1 1
2906 2907
1 2
2 3
3 4
2882 2882
12 13
1 1
2 2
1 1
1 1
1 2
2 2
3 3
1 2
1 2
2 2
3 3
1 1
3 3
9 9
1 1
2 2
2 2
2 2
2606 2606
1 1
2 2
3 3
4 4
2 2
1 2
2 3
1 1
1 1
2594 2594
1 1
1 1
1 1
1 1
2 2
1 1
5 5
2 2
2 2
1 1
1 2
2 3
5 5
2414 2415
3 3
2 2
16 17
1 1
19 20
11 12
3 4
1 1
2625 2626
1 1
2745 2745
2666 2667
4 4
1 1
2 2
2 2
1 1
2887 2887
1 1
1 1
2858 2858
1 1
1 1
1 2
1 1
2897 2897
1 1
1 1
1 1
2 2
2893 2893
1 1
1 1
2 2
2748 2748
1 1
1 1
1 1
2 2
1 1
2 2
1 2
1 2
2829 2829
1 1
2801 2801
1 1
2 2
1 1
2 2
1 2
2 2
2608 2608
2 2
1 1
2 2
2701 2701
1 1
1 2
2577 2577
1 1
1 1
2 2
2766 2767
2 2
2812 2812
1 2
2766 2766
2 2
1 1
2 2
1 2
2 2
2846 2846
1 1
1 1
2845 2845
1 1
1 2
2691 2691
5 5
1 1
1 2
1 1
1 1
2 2
2654 2654
1 2
1 1
2 2
1 2
1 2
3 3
2 2
2642 2642
1 2
1 2
2 2
5 5
1 1
1 1
1 2
2732 2732
1 1
1 2
2691 2692
5 5
1 1
1 1
1 2
2748 2748
8 9
1 1
5 5
1 1
2629 2630
2632 2632
2589 2589
1 1
2 2
2715 2715
6 6
1 2
1 1
1 2
4 4
2 2
3 3
3 3
1 1
2 2
2 3
2 2
3 3
1 2
3 3
2831 2832
2 2
4 4
1 1
1 1
2 2
1 1
1 2
2 3
1 1
1 1
2 2
3 3
1 1
2 2
2738 2738
2 2
3 3
1 1
1 1
1 1
2800 2800
1 1
1 1
1 1
1 1
1 1
2686 2686
4 5
2463 2463
1 1
2 3
1 1
2 2
1 1
2576 2576
1 1
1 2
1 1
1 1
2605 2605
1 1
1 1
2459 2460
1 1
2779 2779
2732 2732
9 9
1 1
2 3
1 1
2 2
2831 2832
1 1
2 2
1 1
1 1
2 2
2765 2765
1 1
1 2
1 1
1 2
2 2
1 1
1 1
1 1
1 1
2 2
1 2
2735 2736
3 3
2612 2613
6 7
3 3
1 2
1 1
1 1
0 1
2568 2569
1 1
1 2
0 1
4 5
2778 2778
1 1
2743 2743
2480 2481
1 1
1 1
1 1
1 1
2 2
1 1
1 1
0 1
4 4
1 2
1 1
2 2
5 5
1 1
2662 2663
1 2
2639 2639
1 2
2739 2740
1 1
1 1
2666 2666
1 1
1 1
1 1
8 13
9 10
11 11
5 5
2807 2807
2820 2820
2794 2794
2 2
1 1
2 2
1 1
2824 2825
1 1
1 1
1 1
2 2
3 3
2852 2852
1 1
8 9
2766 2766
1 2
1 2
1 1
1 1
1 2
2 2
3 3
4 4
1 1
1 1
2 2
1 1
0 1
0 1
1 1
1 1
1 1
1 1
1 1
1 1
2 2
1 1
1 1
1 1
3 3
2570 2570
1 1
1 1
2 3
2600 2600
2483 2483
1 1
2 2
1 1
2 2
2530 2530
1 2
2 2
1 1
1 1
2 2
1 1
1 1
1 1
1 1
1 1
2444 2444
2479 2479
1 1
1 1
1 1
1 1
1 1
1 1
1 1
1 1
1 1
1 1
0 2
1 1
1 1
1 1
0 1
2522 2522
1 1
1 1
1 1
1 1
2548 2549
5 6
1 1
2573 2573
1 1
3 3
1 1
2 2
1 1
2 2
1 1
1 1
1 1
1 2
2 2
1 2
1 1
2476 2476
2434 2434
2 2
1 2
1 1
1 1
2589 2590
1 1
2546 2546
1 1
1 1
1 1
2606 2606
2 2
1 2
1 2
1 1
1 2
1 1
1 1
1 1
2668 2669
1 1
1 1
1 1
2722 2722
2694 2695
1 1
2739 2740
1 1
2 2
2812 2813
2 2
2 2
2 2
2 2
2 2
2812 2812
1 1
1 2
1 1
1 1
1 1
1 1
1 1
1 1
1 1
2748 2748
1 1
1 1
2606 2607
1 1
1 1
1 1
3 3
1 2
1 1
2705 2705
1 2
1 1
1 1
1 1
1 1
1 1
1 2
1 1
2583 2583
1 1
1 1
1 1
2725 2725
1 1
1 1
1 1
2 2
1 1
1 1
2 2
2 2
1 2
1 1
1 1
1 1
2574 2574
1 1
2 2
2807 2807
1 1
1 1
2 2
3 3
3 3
1 1
6 6
2476 2476
17 18
1 1
1 1
2578 2578
1 1
0 1
1 1
2575 2575
2528 2528
1 1
1 2
2463 2463
1 2
1 1
1 2
1 2
2592 2592
1 1
1 2
2796 2797
2814 2814
2899 2899
2805 2805
2746 2746
2800 2800
2460 2460
2161 2161
1713 1713