10 27
1 3
554 557
1 2
1 2
2 2
2 2
2 2
2 2
2 2
1 2
1 2
559 559
1 2
559 559
1 2
1 1
558 559
1 2
554 555
552 553
2 2
2 2
2 2
2 2
560 561
1 2
2 2
2 2
1 2
2 2
2 2
2 2
1 2
1 2
1 2
1 1
2 2
1 2
1 2
1 2
2 2
2 2
2 2
2 2
2 2
1 1
546 547
1 2
1 1
1 2
1 2
1 2
1 2
1 2
2 2
1 2
2 2
1 2
2 2
2 2
1 2
1 2
551 551
2 2
1 1
2 2
1 2
2 2
551 551
2 2
548 549
1 2
1 2
551 552
1 2
1 2
1 3
558 558
557 558
2 2
2 2
1 2
2 2
2 2
2 2
1 1
2 2
2 2
1 2
2 2
1 2
3 4
2 2
2 2
2 2
2 2
2 2
2 2
2 2
1 1
2 2
2 2
1 1
629 630
1 2
1 1
2 2
568 568
1 2
2 2
1 1
2 2
1 1
1 1
1 2
557 557
1 2
1 1
2 2
1 2
1 2
1 1
556 557
560 560
1 2
2 2
1 2
5 5
1 2
2 2
1 2
1 1
1 1
2 2
561 562
1 2
2 2
1 1
1 1
1 1
1 2
1 2
1 1
1 1
1 1
1 1
2 2
1 1
2 2
1 2
558 558
1 1
3 3
549 549
549 550
1 1
1 1
1 1
1 1
547 547
547 547
550 550
1 1
1 1
1 2
1 2
1 2
1 1
3 3
3 3
552 552
1 1
2 3
1 1
1 1
1 1
1 2
1 1
1 1
1 1
2 2
1 1
1 1
1 1
1 1
1 2
1 1
1 1
548 549
552 553
1 1
1 2
1 1
552 552
553 554
1 1
549 549
1 1
1 2
1 1
1 2
1 1
1 1
546 546
1 2
1 1
1 1
1 1
1 2
1 1
1 1
1 1
1 1
1 2
1 1
1 1
1 1
1 1
1 2
1 1
1 1
1 2
1 1
557 557
1 2
2 2
1 1
549 550
549 550
551 551
1 1
1 1
558 558
1 2
1 1
2 2
552 552
550 550
1 1
1 1
1 1
550 551
1 2
554 554
1 1
546 546
1 1
1 1
1 1
1 1
1 1
1 1
1 1
1 1
556 557
1 2
554 554
1 1
1 1
1 1
1 1
1 1
555 555
1 2
555 555
1 1
1 1
545 545
1 1
1 1
547 548
1 1
1 1
1 1
1 1
1 1
1 1
1 1
1 1
1 1
1 1
1 1
1 1
550 550
1 1
1 2
1 1
1 2
1 1
1 1
1 1
2 3
1 1
1 1
1 2
1 1
2 2
1 1
1 1
2 2
1 2
550 550
1 1
1 2
1 1
1 1
2 3
1 1
548 548
1 2
553 553
1 2
547 547
1 1
552 552
1 2
1 2
552 552
1 2
1 1
1 1
551 551
1 1
1 2
1 2
1 2
1 1
1 1
1 2
542 543
1 1
1 1
2 3
2 2
1 1
1 2
1 1
547 548
550 550
549 549
1 1
1 2
1 2
559 560
1 2
1 1
554 554
1 2
1 1
1 2
1 1
2 2
548 548
1 2
1 2
1 1
1 1
555 555
1 2
554 554
1 2
3 3
548 549
2 2
2 2
1 2
554 554
2 2
1 1
552 552
548 549
554 555
1 1
1 1
554 555
1 2
1 1
552 553
1 2
1 2
1 1
1 1
559 559
1 2
2 2
555 556
1 1
1 1
1 1
1 2
553 553
555 555
1 2
1 1
1 1
1 1
1 2
553 553
1 1
2 2
1 1
1 1
1 2
558 558
1 1
1 1
1 2
1 1
1 1
1 1
1 1
1 1
1 1
565 565
1 1
558 558
1 1
1 1
1 2
552 552
1 1
1 2
556 556
1 1
553 553
1 1
1 1
1 1
2 3
1 1
1 1
1 1
1 1
1 2
553 553
556 556
1 1
1 1
1 1
1 1
1 2
1 1
556 556
1 1
1 2
1 1
2 2
550 550
2 2
1 1
1 1
1 2
1 1
1 1
552 552
2 2
555 555
1 1
2 3
1 1
2 2
1 1
546 546
1 1
1 2
553 554
1 2
548 548
1 2
556 556
558 558
1 1
547 547
1 1
1 1
1 1
1 2
1 1
3 3
1 1
1 1
554 554
2 2
1 1
555 555
554 554
1 2
1 1
1 1
2 3
1 1
1 1
2 2
1 2
3 3
1 1
1 2
556 557
1 1
1 1
557 557
1 1
1 1
547 547
1 1
1 2
2 2
1 1
1 2
556 557
1 2
550 551
1 1
1 1
1 1
1 1
2 2
1 1
1 1
542 542
551 551
1 1
1 1
1 1
551 551
1 1
555 555
1 1
1 1
1 1
1 1
1 1
549 549
1 1
1 1
554 554
1 1
547 547
3 3
1 1
1 2
1 1
1 2
1 1
1 2
1 2
549 549
1 1
1 1
1 2
1 1
555 555
550 551
1 1
1 1
1 1
555 555
556 556
557 558
1 1
1 2
1 1
3 3
3 3
1 2
1 2
551 551
1 1
1 1
1 1
1 1
549 550
550 550
1 1
1 1
1 1
554 555
1 1
1 1
1 1
3 3
550 550
555 556
1 1
2 2
552 553
1 1
1 1
1 1
1 1
1 1
1 2
1 1
2 3
1 1
1 1
1 1
1 1
1 1
1 2
1 2
1 2
2 2
1 1
1 2
1 1
1 1
1 1
1 2
1 1
545 546
1 1
1 1
1 1
1 2
551 551
1 2
1 2
1 1
551 551
1 2
556 556
1 1
548 549
554 554
1 1
1 1
551 552
1 1
542 542
1 1
553 553
1 1
553 553
1 1
1 1
1 1
1 1
1 1
552 552
544 545
1 1
552 552
1 1
1 1
1 2
1 1
1 1
554 554
1 1
1 1
1 1
1 1
1 1
1 1
1 1
2 2
551 551
556 556
549 549
1 1
1 2
1 2
1 1
545 545
3 3
1 2
1 2
542 542
2 2
1 1
556 557
1 1
1 1
1 1
1 1
1 1
551 551
1 2
2 2
548 548
1 2
1 1
1 1
1 1
1 2
551 551
1 1
1 1
1 1
1 1
548 549
1 2
1 1
1 1
1 1
1 1
1 1
1 2
1 1
1 1
558 558
1 2
1 1
1 1
557 557
1 1
1 1
1 1
1 1
1 1
2 2
1 2
1 1
1 1
551 551
547 547
1 1
1 1
1 1
551 551
1 1
1 1
1 1
2 2
1 1
1 1
1 1
1 1
1 1
1 1
549 550
1 1
1 1
1 2
1 1
543 544
1 1
1 1
1 1
552 553
1 1
1 1
1 1
1 1
553 553
1 1
1 1
1 1
1 1
1 1
1 2
1 1
1 1
1 2
547 548
548 548
1 1
554 554
1 1
550 551
1 1
1 1
1 1
1 1
2 2
1 2
556 556
1 2
1 1
2 2
1 1
1 1
1 1
558 558
1 1
553 553
1 1
1 1
1 1
1 2
1 1
1 1
1 2
1 1
553 553
1 2
0 2
548 548
2 3
557 558
553 555
551 551
552 552
549 549
1 1
1 1
1 2
552 553
1 1
552 553
1 2
553 554
553 553
1 1
549 549
1 1
1 2
1 1
1 1
1 2
1 1
1 1
1 2
1 1
1 1
1 1
1 1
549 549
1 1
1 2
2 2
1 1
1 1
552 552
1 1
1 1
1 1
1 1
1 1
1 1
1 1
3 3
540 540
1 2
1 1
1 2
1 1
1 1
1 1
1 1
1 2
1 2
1 1
546 547
549 549
2 2
1 1
2 2
1 1
1 1
555 556
1 2
1 1
1 1
3 3
1 2
1 1
555 555
1 2
1 1
1 1
1 1
1 1
1 1
1 1
556 557
1 1
3 3
1 1
553 554
1 2
556 556
1 1
1 1
546 546
1 2
1 1
1 2
1 1
1 1
1 1
1 1
1 1
1 1
2 2
551 552
1 2
1 1
1 1
1 2
592 592
578 578
1 1
551 552
1 2
556 557
551 551
1 2
1 1
1 1
550 550
1 1
1 1
551 551
3 3
1 1
1 2
1 1
1 1
555 555
1 1
1 1
1 1
1 1
1 1
1 1
1 1
549 549
1 1
3 3
2 2
1 1
1 2
1 2
553 554
555 555
1 1
1 1
1 1
1 2
549 550
549 549
1 1
1 1
1 1
1 2
559 559
1 1
552 553
1 1
1 2
2 2
1 1
552 552
548 548
2 3
1 2
1 1
560 560
553 553
1 1
1 1
1 1
1 1
1 1
1 1
1 1
1 1
1 1
554 554
549 549
1 1
1 1
1 1
1 1
1 2
547 547
549 549
1 1
1 1
1 1
1 1
1 1
1 1
1 1
1 2
1 1
1 1
1 1
1 1
551 552
1 1
1 2
2 2
551 552
1 1
1 1
1 1
550 551
1 1
1 1
1 1
1 1
1 1
3 3
0 2
548 548
1 1
1 1
558 558
561 561
1 1
1 1
1 1
1 1
1 1
557 557
1 1
1 1
1 1
1 1
1 1
1 1
1 2
1 1
1 1
1 1
1 1
549 549
1 1
1 1
1 1
1 1
0 2
1 2
1 2
1 1
1 1
1 1
1 1
552 553
1 1
1 1
1 1
1 2
1 1
2 2
1 1
547 548
554 554
1 2
552 552
1 1
1 1
1 1
1 1
1 1
1 1
555 556
550 550
1 1
1 1
1 2
548 550
1 1
1 1
1 1
1 1
1 1
1 1
553 554
2 2
1 1
538 538
1 1
1 1
1 1
554 554
1 1
1 1
1 1
1 1
1 1
1 2
1 1
1 1
552 552
1 1
1 1
1 1
1 1
0 2
1 2
546 546
2 2
1 1
1 1
1 1
1 1
1 1
1 1
1 1
2 2
1 1
566 566
1 1
1 1
1 1
1 1
1 1
2 2
1 1
561 562
1 1
1 1
550 551
1 1
1 1
0 2
1 1
1 1
1 1
1 2
1 1
1 1
3 3
3 3
1 1
1 1
1 1
1 2
1 1
1 1
1 1
1 2
1 2
558 558
1 1
1 1
563 563
551 551
1 1
1 1
1 1
1 1
1 1
3 3
1 1
1 1
556 556
1 1
544 545
1 1
1 1
1 1
1 2
1 1
550 550
1 2
1 2
548 549
556 557
1 1
1 2
2 2
1 1
1 1
1 1
1 2
1 1
555 555
1 1
1 2
552 552
3 3
1 2
553 553
1 1
1 1
1 1
552 552
1 1
2 2
1 1
1 1
1 1
1 1
1 1
1 1
1 1
1 1
2 2
1 2
2 2
1 1
1 1
557 557
554 554
1 1
1 1
554 554
1 1
1 1
1 1
1 1
1 1
1 1
553 556
1 1
556 556
1 1
1 2
557 557
555 555
553 553
551 551
1 1
553 554
552 552
552 553
1 1
568 568
1 1
1 1
1 1
1 1
553 554
1 1
1 1
1 1
1 1
1 1
3 3
1 1
1 1
1 1
2 2
2 2
1 2
556 556
1 1
1 1
1 2
1 1
1 1
1 1
1 1
1 1
1 1
1 1
1 1
1 2
1 1
1 1
1 1
1 1
1 1
1 1
1 1
545 546
550 550
548 548
2 2
544 544
1 1
2 3
1 1
1 1
1 1
553 554
1 1
1 1
1 1
1 1
1 1
1 1
1 1
548 548
2 3
1 1
1 1
549 550
1 1
556 556
1 1
1 1
1 1
1 2
1 1
1 1
1 1
549 549
1 1
1 1
1 2
1 2
544 544
1 1
1 1
1 1
1 1
1 1
1 1
548 548
1 1
1 2
1 1
1 1
1 1
1 1
1 1
1 1
552 553
1 1
1 1
1 1
1 1
1 1
1 1
552 553
1 2
1 1
1 1
1 1
1 1
546 546
549 550
1 2
1 2
1 1
1 1
1 1
1 1
554 554
1 2
1 1
1 1
1 1
562 562
1 1
1 1
1 1
557 558
1 1
1 1
1 1
559 559
1 1
1 1
1 1
556 556
1 1
1 1
1 1
1 1
1 1
1 1
1 1
557 557
1 1
1 1
556 556
1 1
1 1
551 551
1 1
1 1
1 1
1 1
547 548
1 1
1 1
1 1
1 1
1 1
1 1
1 1
2 2
1 1
1 1
0 1
1 1
1 1
1 1
1 1
1 1
1 2
1 1
1 1
552 552
1 1
1 1
550 550
548 548
1 1
1 1
1 2
1 1
1 1
543 543
3 3
1 1
2 2
1 1
554 554
553 553
1 1
553 556
1 1
1 1
1 1
1 1
1 1
551 552
1 1
1 1
1 1
1 1
554 554
2 2
1 1
1 1
1 1
2 3
1 2
1 1
1 1
547 547
1 1
1 2
1 1
1 1
1 1
554 554
1 1
1 1
1 2
1 1
1 1
1 2
1 2
554 554
549 550
1 1
1 1
1 1
1 1
1 1
1 1
550 550
1 2
1 1
1 2
1 1
1 1
563 563
1 1
559 560
1 1
1 1
1 1
1 1
546 546
1 1
1 1
1 1
1 1
1 1
1 1
1 2
1 1
550 550
1 1
1 1
1 2
551 551
1 1
550 550
553 553
1 2
1 1
1 2
1 2
1 2
554 554
1 1
1 1
1 2
2 2
1 1
2 2
2 3
2 2
1 1
1 1
550 550
1 1
1 1
1 1
1 1
1 2
1 1
1 1
1 1
554 555
1 1
1 1
1 1
1 1
1 1
1 1
1 1
556 556
559 559
1 1
1 1
1 1
552 552
1 1
1 2
549 549
1 1
0 1
545 545
1 1
1 1
1 1
1 1
1 1
1 1
1 2
1 1
1 1
1 1
2 2
1 1
555 555
1 1
554 554
550 551
1 1
1 1
1 1
1 2
541 541
1 1
1 1
1 1
1 1
1 1
1 1
1 1
1 1
1 1
1 1
1 1
552 552
1 2
1 1
553 553
1 1
1 1
1 1
552 552
1 1
1 1
1 1
1 1
1 1
1 1
1 1
1 1
556 556
1 1
1 1
1 1
1 1
1 1
1 1
561 561
3 3
1 1
1 1
1 1
1 2
1 1
1 1
1 1
1 1
1 1
1 1
1 1
1 1
1 1
1 1
1 2
1 1
562 562
1 1
1 1
1 1
1 1
567 567
1 1
1 1
568 569
1 1
1 2
2 3
1 1
1 2
1 1
1 1
1 1
1 1
2 3
1 1
558 558
1 1
559 559
1 1
558 559
2 2
1 2
2 3
1 1
1 1
557 557
1 1
1 2
559 559
1 1
1 1
1 1
1 1
1 1
555 555
1 1
1 1
1 1
1 1
1 2
1 2
1 1
1 1
1 1
1 1
1 1
1 1
2 2
1 1
2 2
1 1
551 551
1 2
549 550
1 2
1 1
1 1
558 558
1 1
559 559
0 2
1 1
559 559
1 1
1 2
2 2
1 1
557 557
2 3
1 1
1 1
556 556
1 2
1 1
1 1
1 1
1 1
1 1
1 1
1 1
568 568
1 1
1 1
1 1
1 1
1 1
1 1
1 1
1 1
1 1
1 1
1 1
1 1
1 1
1 1
1 1
564 564
1 1
1 1
567 567
1 1
1 1
1 2
554 554
1 1
1 1
1 1
2 2
1 1
1 1
1 1
1 2
2 2
554 555
1 2
1 1
1 1
1 2
1 1
1 2
1 1
1 1
1 1
1 1
1 1
1 1
2 2
2 3
1 1
1 1
559 560
2 3
551 552
1 1
3 3
1 1
1 1
1 1
1 1
1 1
1 1
1 1
2 2
1 1
1 1
1 1
1 1
1 1
552 553
1 1
1 1
1 1
1 1
555 556
1 1
1 1
1 1
1 1
556 556
1 1
1 1
1 1
1 1
1 1
1 1
1 1
1 1
1 1
1 1
1 1
1 1
1 1
1 1
1 1
1 1
565 566
1 1
1 1
1 1
560 560
554 555
1 1
1 1
558 558
556 556
1 1
554 555
550 550
1 1
1 1
1 1
1 1
1 1
1 1
1 2
1 2
1 1
1 2
1 2
1 2
2 2
1 2
1 2
1 1
1 1
1 1
2 3
1 2
1 1
559 559
1 1
1 1
1 1
1 1
1 1
1 1
1 1
1 1
1 1
2 2
1 1
1 1
1 1
1 1
1 2
1 1
549 550
1 1
1 1
1 1
1 1
1 1
1 1
1 1
2 2
1 1
1 1
552 552
1 1
1 1
1 1
552 552
1 1
1 1
1 1
551 551
1 1
554 555
551 551
548 548
1 1
1 1
547 547
1 1
1 1
1 2
545 545
548 549
1 1
1 1