16 174
18 251
1 8
1 3
1 3
2 4
2 15
2 4
1 3
2 3
4 6
10 13
1 38
6 14
2 49
1 69
1 3
2 3
2 3
6 39
1 42
1 35
2 3
2 6
2 2
3 5
2 3
2 11
2 3
1 2
7 7
1 3
1 4
1 5
1 2
1 4
1 6
1 2
1 4
1 5
1296 1338
1 105
2 107
2 3
1 5
0 7
2 2
1 3
1 2
1 3
2 2
2 3
1 3
0 4
0 6
2277 2279
3 956
2 958
2283 2291
2403 2405
2 3
2 5
3 7
2 4
1 3
1 5
1 6
2372 2373
2463 2478
1 46
4 68
2532 2586
2 4
1 2
2 3
1 2
1 2
2 3
2 3
2 3
2 3
2 3
2 3
2 3
1 3
3 4
1 3
1 3
0 2
1 2
2 2
1 4
1 3
1 2
2 5
2 3
2 3
2488 2489
2 102
1 78
1 2
2481 2483
4 370
11 365
1 3
1 4
3 8
16 29
1 37
2101 2103
16 605
1 609
1 4
2 3
6 7
2 4
2562 2563
2556 2557
2 111
2 9
2 3
1 4
1 6
2764 2765
1 2
3 4
1 2
1 3
1 3
0 1
1 2
2691 2693
1 2
2 5
1 2
1 3
1 2
2 4
6 7
1 2
2 3
3 4
6 7
1 2
8 9
1 2
1 2
2443 2448
2316 2317
8 41
1 2
2 3
1 3
2200 2252
2271 2273
2383 2462
2 983
2 123
2 3
11 13
1 15
2 4
3 4
2 8
2340 2341
2 6
5 11
1 2
1 2
1 3
1 2
1 2
1 4
1 2
1 2
1 1
1 2
1 1
1 3
1 2
1 2
1 4
2522 2522
2449 2450
1 49
2491 2494
4 5
1 6
2546 2548
1 81
2334 2827
1 267
1 270
1 2
1 2
1 2
1 2
1 2
2312 3637
1 621
1 601
2 3
1 5
1 2
2 3
2 5
1 5
2 15
1 17
1 18
1 2
1 2
1 5
1 2
1 2
9 11
2331 2332
3 6
1 2
1 3
1 3
2258 2303
2474 2476
2484 2486
1 244
1 109
2482 2484
2379 2469
1 3
1 9
1 1
2428 2431
1 443
6 445
1 2
1 2
2386 2387
2353 2353
2 949
2345 2647
8 297
1 295
1 2
1 1
1 4
2292 2732
1 3
5 13
2 14
4 5
2289 2290
1 86
0 52
2272 2273
1 2
1 2
1 2
1 2
2406 2407
2 55
1 9
2363 2365
2 442
1 450
2400 3333
1 938
1 936
2385 2386
1 2
1 2
12 21
1 2
1 2
1 3
1 2
0 2
1 2
2 4
1 2
1 2
1 4
1 2
1 2
1 4
1 2
1 2
2 5
2310 2319
1 2
1 3
3 4
1 2
2314 2316
1 2
2 3
4 5
5 6
1 2
2218 2219
2225 2226
2 3
1 2
2 2
3 4
0 2
1 2
1 2
1 2
2252 2253
1 2
1 4
2154 2155
1 298
1 306
1 3
2121 2122
1 1070
1 1018
2 3
2 4
1 5
2 4
1 3
2336 2337
1 363
4 362
1 3
1 2
1 2
1 3
1 2
2335 2337
2397 2398
2332 2334
2385 2389
1 2
1 3
3 4
1 2
1 2
2433 2433
1 14
1 3
1 2
0 4
1 5
2355 2356
1 163
1 164
1 3
1 2
2277 2282
2328 2330
1 1640
4 561
2320 2320
3 4
1 2
2 3
2342 2343
2401 2402
1 2
1 2
1 2
2377 2377
2316 2317
1 171
1 148
2429 2430
1 270
1 267
2337 3359
1 928
1 921
1 2
1 11
2345 2346
1 548
0 550
2347 2348
1 66
0 62
2394 2395
2428 2430
2388 2389
2 2
1 1
3 5
2 3
1 2
1 2
2 3
1 3
1 2
1 3
2 3
1 2
2407 2408
2068 2069
1 2
1 2
1 2
1 2
1 2
2 3
1 2
1 2
1 1
1 3
2393 2401
2 1042
1 1024
1 2
1927 1929
1 280
1 241
1 2
2414 2415
2429 2430
1 360
1 115
2402 2402
1 2
1 4
4 7
2352 2354
1 2
1 2
2 3
3 4
1 2
1 3
1 1
1 2
1 1
1 3
2314 2317
2 3
1 2
2385 2388
1 2
1 2
1 2
1 2
1 2
1 2
1 1
1 3
2273 2274
2 813
2223 2225
2 239
1 250
2 3
1 5
3 8
2257 2508
1 138
1 141
2335 2336
1 410
2390 2391
1 2
2362 2363
2440 2440
1 121
2406 2407
1 221
1 217
1 2
1 4
1 5
3 4
1 6
1 3
2355 3188
3 578
1 582
1 2
2304 2305
2396 2397
1 526
1 239
1 2
2 5
2 7
1 2
1 2
2 5
1 2
1 3
2327 2738
1 54
1 56
2372 2373
1 48
12 61
2308 2477
1 2
20 37
2316 2317
1 9
7 16
1 2
4 5
2362 2363
1 382
6 345
1 2
1 2
1 1
1 3
1 2
2457 2460
2328 2634
1 719
1 120
1 2
1 4
2472 2472
1 467
2447 2448
2 95
1 96
1 2
1 3
2404 2421
1 15
1 18
2393 2396
2418 2418
3 4
1 8
0 2
1 2
1 4
1 2
2 2
1 3
1 2
2234 2236
1 130
1 88
2236 2797
1 533
0 537
2230 2234
1 198
1 195
1 2
2319 2788
2351 2352
2338 2339
2341 2342
3 448
3 136
1 2
2 3
2 3
3 4
2320 2321
7 8
1 9
2 12
1 2
1 2
2233 2235
2 2
1 2
1 2
2277 2278
2 529
1 503
1 3
1 4
2229 2230
2326 2883
1 746
2 585
2323 3099
8 222
1 234
4 6
3 11
0 12
1 2
1 2
3 6
1 4
1 2
1 1
0 1
2357 2358
1 2
1 2
1 3
1 2
2377 2378
1 2
3 3
2 5
2393 2394
2357 2358
2 3
1 3
3 4
4 6
5 6
1 1
2 2
1 3
3 4
1 2
1 13
1 3
1 2
2 2
2065 2066
2211 2307
1 373
1 255
1995 1995
1 442
2357 2362
1 1210
2405 2407
2402 2404
2404 2406
1 95
3 4
1 2
2 3
1 4
2444 2445
7 10
2376 2456
1 2
1 2
1 2
1 2
1 18
0 7
2347 2348
1 142
2 141
1 2
1 4
1 5
1 2
1 4
0 2
2197 2630
2571 3782
2469 2506
4 1581
1 1
1 1
1 1
2506 2507
9 114
1 102
2555 2556
2 3
2588 2589
1 2
2472 2473
1 2
1 2
1 2
1 3
1 2
1 2
1 2
2 3
2329 2330
2 37
1 1
2 2
1 2
2362 2433
1 2
1 2
1 3
1 2
1 2
2266 2267
1 1516
1 1504
1 2
1 1
1 1
2500 4229
1 2
1 2
1 1
1 2
1 1
1 3
4 5
2400 2401
2284 2286
1 2
0 1
2402 2411
4 9
1 1
0 1
0 1
2 2
2317 2317
1 1
1 2
1 1
2 3
1 1
2221 2221
1 2
1 1
1 2
1 2
2 2
0 2
1 2
2248 2250
1 1
1 2
1 4
0 4
4 7
1 2
0 2
1 2
1 4
1 4
1 1
0 3
2088 2092
1 1338
1 1342
1 2
2137 2138
2 26
1 2
1 1
1 3
1 2
1 2
1 3
1 2
2191 2192
2201 2203
2193 2195
2323 2325
1 295
1 301
2335 2336
2 2
2 3
2 2
2309 2313
1 4
1 4
8 9
1 2
1 2
1 4
1 1
2 2
1 3
1 4
2243 2246
1 1164
1 1170
1 2
1 3
1 2
1 2
1 1
1 2
2276 2276
2298 2299
1 73
1 70
2291 2292
2298 2299
2 67
2291 2303
2272 2272
2299 2300
1 114
3 5
1 2
2373 2374
2 1388
2298 2299
2284 2286
1 2
1 3
2440 2489
2394 2395
2 101
1 2
1 2
1 2
1 2
1 2
3 3
1 2
1 2
1 2
1 3
0 5
2332 2820
1 46
0 47
1 2
1 2
1 3
2346 2919
1 2
0 4
1 1
1 2
1 2
1 3
2363 2365
1 2
2 3
2 11
1 2
0 2
1 2
1 2
1 1
1 2
1 2
1 1
1 2
2291 3625
2240 2241
1 918
1 2
1 2
1 2
1 2
2316 2319
1 2
1 2
1 4
2264 2393
1 2
2 4
3 6
1 2
1 2
1 3
1 2
1 4
1 1
2143 2144
1 10
1 12
3 4
1 2
2227 2228
8 141
2235 2239
1 210
1 198
2386 2387
1 350
1 340
1 2
2 2
1 2
1 2
1 1
1 2
1 2
1 1
2341 3263
1 614
1 618
1 2
2330 2331
2387 2391
1 242
1 203
2321 2322
1 80
2475 2476
2349 2478
1 164
1 90
1 2
2340 2342
1 223
0 106
3 4
1 5
2349 2351
1 458
1 465
1 2
2348 2348
2404 2405
1 591
1 705
1 2
1 1
1 2
1 2
1 2
1 2
2 4
1 2
1 1
1 2
1 2
2358 2359
1 25
2349 2434
1 2
1 4
2380 2392
2324 2328
1 142
1 40
2 3
1 3
1 2
2402 2409
1 214
2198 2199
1 319
1 248
1 2
2407 2408
2 934
2393 2394
15 90
1 78
1 2
2410 2411
2421 2422
2 169
1 130
2433 2435
1 2
1 2
1 1
1 1
1 2
1 2
1 1
2401 2401
1 76
0 81
1 2
0 2
1 4
2340 2516
2369 2370
4 525
1 446
1 3
1 3
1 5
1 2
1 4
0 2
1 2
1 4
1 2
1 2
2424 3361
1 715
1 665
1 2
2305 2305
8 13
1 2
1 2
2356 2389
1 2
1 1
1 1
1 2
0 2
2 3
2321 2321
1 142
1 106
2332 2334
2240 2240
1 109
1 79
1 2
1 2
0 1
2298 2319
1 1
2 6
1 8
2 2
1 2
1 3
1 2
1 2
1 1
1 2
1 3
0 4
1 2
2161 2165
1 122
1 72
1 2
0 3
1 5
1 2
0 3
1 5
1 2
2249 2249
1 661
1 580
2215 2217
1 2
0 2
3 4
1 2
1 2
2 3
2192 2193
2245 2246
1 286
1 221
2270 2271
4 5
1 2
1 2
1 2
1 2
2307 2308
4 178
0 132
2222 2225
1 310
1 305
1 2
1 2
1 1
1 3
1 2
2328 2331
11 291
0 285
1 3
1 4
2273 2274
1 578
2352 2365
1 79
2371 2372
1 86
1 2
1 4
0 4
1 4
9 13
15 29
16 48
1 3
1 5
1 2
1 2
1 4
2242 2243
2242 2243
1 2
1 2
1 3
3 4
2 3
3 4
1 2
1 2
1 2
1 1
1 1
1 2
1 1
1 2
2316 2317
1 2
1 4
1 2
2 4
0 5
2363 2365
1 265
1 259
1 2
1 4
1 6
2 2
1 3
1 5
1 2
3 3
2 3
1 2
0 2
1 2
2323 2328
2 2
1 2
1 2
1 2
0 1
1 1
1 2
0 2
2242 2816
1 343
2342 2356
1 350
1 339
2206 2207
1 2
0 2
2055 2056
24 36
12 33
1 4
9 29
12 27
10 24
1 2
1 2
1 2
2218 2220
2 192
1 181
2296 2309
2321 2322
1 848
0 629
2336 2336
1 2
1 2
1 3
1 2
1 2
2 3
2 2
1 2
2472 2816
3 355
1 352
2348 2358
1 386
1 394
1 2
2497 2498
1 2
1 2
1 2
0 1
2378 2379
1 2
1 3
2 3
1 3
1 1
1 2
2 3
0 2
2264 2266
1 1
2220 2302
1 3
3 4
1 3
1 2
1 2
1 2
1 2
1 2
1 2
1 2
2153 2155
1 666
2283 2283
1 1
1 9
2248 2250
2379 2380
2299 2300
2364 2366
1 269
2369 2370
2319 2320
2363 3008
1 814
2357 2359
2 58
1 44
2284 2711
1 274
2 273
1 2
1 3
1 1
1 2
1 2
3 5
1 6
1 2
1 1
1 2
1 2
2 2
2316 3349
1 198
1 184
1 2
0 2
1 3
1 2
0 3
1 1
1 2
1 1
0 2
1 2
0 1
1 3
1 2
2351 3228
0 2
1 2
2310 2311
2249 2325
2341 2342
1 2
0 1
1 2
1 2
3 3
2 3
1 4
1 6
2253 2948
4 462
1 463
1 2
1 2
1 4
2 2
2 3
2237 2238
3 3
1 2
1 1
2184 2186
1 463
2305 2306
11 781
2348 2348
2358 2358
12 801
1 11
2353 2354
1 1
4 12
1 2
16 21
2 3
3 4
1 2
1 2
1 2
2 3
1 2
1 2
1 2
1 2
1 2
2388 2389
1 2
3 4
0 6
1 7
1 2
1 1
2 2
2 3
1 2
1 4
1 2
2248 2250
2302 2302
1 4
3 5
2 5
15 20
1 3
1 3
1 3
1 2
2142 2606
14 42
16 37
1 2
1 3
1 4
1708 1713
1 325
1 326
1 2
2085 2086
1 424
1 366
1 2
2306 2307
1 43
1 2
1 3
1 4
2356 2358
1 392
1 393
1 3
2360 2361
5 409
4 350
1 3
1 1
1 2
2071 2073
1 2
1 3
2458 2458
1 2
10 31
2 2
1 2
2489 2492
1 2
1 3
1 1
2391 2393
1 455
2 453
1 2
1 2
1 4
1 5
2 4
1 4
0 5
1 1
1 3
0 2
1 2
1 1
1 3
1 2
0 3
1 5
2331 2332
4 5
1 7
0 2
2452 2453
1 123
2320 2321
1 333
1 338
2 3
1 4
1 5
2135 2137
2187 2193
2 323
1 330
2319 2319
1 3
3 4
4 9
2259 2260
1 18
1 15
1 2
0 3
1 1
2161 2162
1 702
0 701
2 2
0 2
2261 2262
2 45
0 45
1 2
0 2
2 3
2256 2378
1 2
1 2
1 2
1 2
0 2
0 2
1 2
0 4
2356 2358
9 372
1 373
1 2
1 4
1 5
1 2
1 3
2330 2331
2273 2275
2369 2369
1 188
1 6
0 2
1 2
1 2
2220 2221
1 2
2 3
2 3
5 8
1 1
2 2
0 1
1 2
1 3
2228 2228
1 526
1 527
2248 2250
1 218
1 223
1 2
1 4
0 2
1 2
1 5
1 2
2300 2304
1 2
1 1
1 2
2311 2313
4 633
2254 2398
2350 2353
1 367
5 241
1 2
2 5
1 3
2392 2393
2354 2358
1 2
1 4
3 5
1 2
1 2
2 3
4 5
2 4
1 2
7 8
1 2
1 4
1 2
1 2
1 2
0 2
1 3
1 2
2161 2162
1 2
1 3
1 3
1 1
1 1
0 2
1 2
2185 2185
2238 2239
1 274
1 77
1 2
2270 2881
5 593
0 545
2153 2274
1 2
1 1
2305 2307
1 477
0 477
1 3
1 3
1 5
2256 2257
1 3
3 4
0 6
1 7
1 3
3 4
1 5
1 2
2349 2351
2347 2348
1 250
1 231
1 2
2244 2437
2 11
1 2
1 1
0 2
2156 2157
1 2
1 1
1 1
1 2
3 4
1 4
1 2
1 2
1 2
1 2
2058 2060
1 333
8 220
1 2
2332 2333
11 261
0 207
1 2
1 1
1 1
1 2
0 0
1 1
2282 2287
2 605
1 600
1 2
2252 2268
1 2
1 3
2297 2300
1 3
3 4
3 5
3 5
1 1
2 3
0 2
1 3
1 2
1 3
1 3
0 1
2221 2224
1 2
2 3
3 4
1 4
1 2
0 2
3 3
1 4
1 2
1 1
1 1
1 1
1 3
2329 2331
6 22
1871 1872
2 27
1 2
2355 2355
1 2
3 3
4 7
1 2
1 2
1 2
3 3
1 2
1928 1929
1 312
6 267
1 2
2 4
1 2
1 2
2346 2350
1 1070
1 1015
2184 2184
3 63
0 2
1 2
1 4
0 1
2320 2321
2 71
1 69
1 2
1 2
1 2
1 2
1 2
1 2
2358 2362
1 2
1 2
1 2
1 2
1 2
3 4
2223 2224
1 2
3 4
1 2
1 2
1 4
1 6
2419 2419
1 2
2432 2434
0 18
1 1
2107 2110
1 21
0 25
1 2
1 2
2413 2414
3 1273
1 1285
2257 2258
1 2
1 2
1 2
1 2
1 2
1 3
1 4
1 5
1 2
2236 2242
3 90
1 26
1 2
0 2
1 3
1 2
0 2
1 3
2330 2331
0 3
2 4
1 5
2297 2300
2332 2335
1 2
2255 2255
1 2
3 3
0 8
1 1
1 1
1 2
7 8
1 5
2 2
1 1
2 2
2 3
15 29
2309 2310
1 1
1 1
1 1
1 2
1 1
1 2
2 5
6 11
1 2
1 2
2 3
1 2
1 1
1 1
1 1
1 1
2 3
4 4
0 5
1 2
7 7
1995 1998
1 957
1 946
2 2
1 3
2411 2411
1 3
0 4
1 2
1 2
1 1
2 2
1 3
1 2
1 2
2 3
1 1
1 1
1 3
1 4
2252 2252
1 254
1 257
1 2
1 2
1 4
2487 2489
1 23
1 24
2295 2299
1 2
2 3
1 4
1 2
2571 2572
1 2
2 3
1 3
1 1
1 2
2 2
1 2
3 3
2154 2154
1 2
3 4
1 1
0 2
1 2
1 1
2258 2264
2192 2193
1 1185
1 1179
2217 2218
1 89
2241 2242
1 350
0 345
1 2
1 4
1 1
1 2
1 2
0 2
1 2
1 2
1 2
1 2
1 1
1 2
2 2
0 1
2229 2230
2293 2294
1 2
1 2
5 6
1 2
0 2
2 3
1 4
2428 2429
2375 2377
1 2
2344 2345
1 1
2 2
1 1
1 1
1 2
1 2
2 4
4 6
6 7
7 9
7 9
1 2
2 3
1 3
3 3
8 9
1 6
1 2
2 2
1 3
3 4
1 5
1 2
1 3
5 7
1 8
1 10
1 2
2 3
1859 1949
2019 2020
2150 2150
1 1141
1 1075
2168 2168
1 148
5 153
2299 2300
1 133
2377 2378
1 138
0 146
2348 2349
2364 2365
1 2
2 3
1 2
1 1
1 2
3 3
1 5
1 2
1 2
1 4
2286 2651
2 34
1 28
2264 2671
1 3
2 4
1 3
1 2
1 2
1 3
3 4
1 4
1 2
2 4
0 6
2 2
1 3
0 2
2195 2195
1 713
1 706
1 2
2 2
1 3
1 2
1 1
1 3
2168 2169
1 31
1 26
1 2
0 4
1 2
1 2
1 1
1 1
2177 2314
1 1
1 1
1 2
1 2
2276 2276
1 239
1 161
2225 2226
3 4
3 4
1 2
2180 2181
1 2
2 2
2 2
1 2
4 4
2181 2183
2227 2227
1 345
1 145
2 2
0 1
1 2
1 2
1 1
2189 2190
1 594
1 601
1 3
1 4
2228 2229
2 158
3 164
1 2
1 3
2165 2168
1 2
1 3
1 4
1 5
1 2
1 4
2297 2298
1 290
0 292
1 3
2323 2328
4 21
1 1
2296 2297
2 3
0 1
1 2
2398 2542
4 28
1 30
1 2
0 4
0 5
1 2
1 3
2270 2271
3 71
2230 2231
1 630
1 638
2337 2338
1 454
1 455
2302 2303
5 7
1 8
2300 2302
1 328
1 330
2322 2323
1 29
1 46
2304 2304
1 3
2 3
1 2
1 2
1 2
2 3
2315 2319
1 158
0 96
1 1
0 2
2333 2406
1 1
1 1
1 1
1 1
2268 2270
1 582
0 586
1 2
3 3
1 2
1 2
1 4
1 2
2268 2270
1 328
1 266
2323 2324
1 2
2 3
0 1
1 2
1 4
1 2
2154 2155
1 74
1 44
1 2
1 2
2232 2233
1 183
0 174
2315 2317
2315 2316
2327 2329
1 439
1 43
1 1
1 1
0 1
2 3
0 4
0 1
1 2
2 3
1 4
1 1
0 2
0 3
1 2
1 2
1 3
2 2
1 3
1 4
1 2
1 4
0 2
1 2
1 3
1 1
2190 2191
1 2
1 1
2 2
0 2
0 2
1 3
2378 2381
1 495
0 496
2240 2241
1 2
2206 2208
1 54
2 3
1 5
1 5
2274 2279
7 224
0 229
2340 2340
0 2
1 2
1 1
1 1
2 2
2 5
2181 2525
1 2
1 3
1 1
1 2
1 2
1 7
2262 2263
2326 2327
1 942
2209 2210
1 382
1 370
1 2
1 1
1 2
1 2
1 2
2362 2362
1 2
1 2
1 1
2 2
2247 2248
1 2
1 3
1 2
1 2
1 1
0 1
0 1
1 1
1 2
2349 2351
4 234
3 237
2301 2303
2 11
1 21
2312 2313
1 3
3 4
3 6
1 10
1 2
1 3
2 5
2248 3036
2 556
3 560
2121 2220
1 2
1 1
1 2
1 2
1 4
1 2
2 2
0 4
2171 2172
1 434
1 442
1 2
2388 2390
1 373
1 307
2449 2452
1 2
0 2
2269 2270
1 45
1 47
1 10
9 20
1 22
2243 2243
1 97
2 100
1 2
1 2
2422 2423
2419 2420
3 660
1 605
1 2
1 2
2366 2367
2282 2284
1 496
12 416
3 4
1 6
1 2
1 2
1 1
1 1
1 2
1 4
1 5
1 2
1 3
0 2
2 3
1 1
1 2
1 2
1 4
2243 2253
1 3
1 4
1 2
1 2
1 4
2431 2434
2521 2522
10 185
1 194
2397 2398
1 2
1 2
2331 2344
4 5
1 2
1 2
2 2
2 3
1 1
1 2
3 3
1 2
0 3
1 5
1 2
0 3
1 5
1 2
1 3
0 5
2073 2074
1 40
1 41
1 1
1 3
2201 2240
1 58
1 57
1 2
1 3
1 2
1 2
2275 2282
2 859
0 797
2197 2197
1 2
1 2
1 3
1 2
1 2
2 3
1 3
1 2
2158 2159
1 2
2 3
3 4
1 2
1 1
1 2
1 2
1 1
1 2
2 3
1 3
1 2
1 2
2 2
1 2
2186 2188
1 3
0 5
1 2
2265 2267
2 150
2196 2197
1 70
2192 2194
2 2
0 3
0 1
1 2
2214 2217
2251 2252
1 1262
1 1076
1 2
2313 2313
1 183
1 128
2 3
1 3
1 5
1 2
1 2
1 3
1 2
1 1
1 1
2360 2361
2376 2377
2388 2509
2 179
1 56
2298 2371
2 2
1 4
1 2
1 1
1 3
0 2
1 2
1 3
2316 2319
2354 2535
5 225
0 90
1 2
0 2
1 1
2229 2230
1 925
1 925
1 2
1 4
2312 2312
2311 2312
1 394
3 396
1 1
2362 2380
1 2
2 2
1 4
1 2
4 5
1 2
1 2
1 1
1 2
2 3
1 4
2288 2289
2198 2198
2196 2197
1 2
1 4
3 4
1 2
2 7
1 1
1 2
2 2
0 2
2 3
2 2
1 2
1 2
3 4
1 2
1 3
3 4
0 1
2045 2047
1 3
3 4
1 3
4 5
6 7
2 2
1 2
6 7
0 8
1 2
1 1
0 2
1547 1552
2002 2002
1923 1925
1 1218
1 192
2348 2349
1 540
0 541
1 2
2332 2340
0 6
2348 2348
2349 2350
1 2
2 2
1 2
1 2
1 2
1 2
1 3
2 3
1 2
1 3
2325 2326
1 2
3 3
1 1
1 2
4 5
2334 2499
0 58
1 29
1 2
2035 3249
1 687
2346 2347
1 536
1 538
1 2
1995 1996
1 214
0 159
1 2
0 2
1 2
2345 2347
3 418
1 409
2412 2412
1 35
1 36
2354 2355
2396 2397
1 2
2 3
1 3
2 3
3 4
2317 2317
2 3
3 3
7 9
0 9
2 10
2 3
3 4
3 5
0 6
1 7
2013 2625
2 5
2 2
2 3
0 2
1 2
1 2
1 2
3 4
1 3
2 3
2 3
2 4
1 4
1 6
1 2
1 1
2 3
1 2
1 2
1 2
1866 1868
1 82
1 86
1 2
1763 1764
1 78
1 1
1 2
1 3
1646 1647
1 226
1 227
2 2
2170 2172
2177 2177
1 876
1 120
1 2
1 2
1 3
1 2
0 2
1 3
1 2
1 1
2297 2298
1 144
1 147
1 3
2337 2338
1 55
2350 2351
1 2
1 2
2 3
1 4
1 2
2294 2294
1 21
2287 2287
12 189
2296 2298
1 312
0 318
1 2
2 4
2258 3015
1 512
0 509
1 2
1 3
1 4
1 2
1 1
0 2
3 3
1 4
3 3
2347 2347
2328 2332
2280 2281
1 339
4 104
2293 2294
2380 2382
2 3
6 7
4 8
1 5
2285 2468
1 2
1 3
3 4
4 5
1 2
1 2
3 5
1 5
1 1
1 3
3 4
1 6
1 1
2164 2167
10 135
1 5
2085 2087
1 862
1 864
1 2
1 2
1 2
1 2
1 2
1 4
2 2
1 2
2196 2298
2205 2563
2198 2200
2 568
1 260
2362 2362
2 283
9 293
2274 2275
2277 2277
3 5
1 1
3 3
2 3
2 2
1 1
1 2
2 2
1 2
2315 2316
1 2
1 2
1 1
1 2
2 3
0 4
2252 2255
1 826
1 828
3 4
0 2
0 2
1 2
2377 2378
3 40
2366 2582
1 158
1 154
1 2
1 1
0 1
2207 2208
1 138
1 136
1 2
2259 2259
2407 2407
1 438
0 26
1 2
2358 2363
1 178
1 131
2341 2343
2326 2326
1 934
1 908
2327 2329
1 2
1 3
2295 2296
1 118
1 119
1 2
1 1
0 3
1 2
1 1
0 3
2294 2295
1 1
1 3
1 2
2339 2705
1 254
2256 2256
1 23
1 48
1 2
2254 2256
1 2
2278 2279
3 4
1 2
1 2
2 3
1 5
1 2
1 2
1 4
2245 2246
1 746
1 748
2118 2119
1 2
1 1
2 3
1 1
1 2
1 2
1 2
1 2
1 2
2347 2348
1 362
2399 2401
1 159
2378 2635
1 2
2274 2274
2 215
1 157
2321 2322
1 2
2 4
1 5
2409 2410
2 2
2 2
1 2
1 1
2 3
3 4
0 1
1 2
1 2
2 3
1 4
2 5
0 2
1 1
1 3
1 4
2076 2077
2077 2080
1906 1907
1734 1895
3 4
1 4
1 7
4 7
12 13
18 20
17 20
1603 1606
1 2
2 3
3 4
3 5
1 2
1 3
3 4
1 2
1 1
2 3
3 5
1254 1257
3 4
2 4
5 5
3 5
6 7
1 7
1 3
3 4
4 5
1 8
1 10
754 754
801 802
1 2
1 4
4 6
4 6
6 8
980 982
924 925
1028 1030
1 3
1 1
1 3
3 4
4 5
1 1
3 3
2 3
1 2
1 1
1 1
0 1
2 3
1 2
1 2
2 3
1 2
1 2
1 1
1 2
1 2
1 2
2 2
18 20
20 20
1 1
1 2
11 13
11 13
15 28
15 31
5 9
2 3
1 4
10 14
1 7
1 6
2 7
1 3
2 5
1 6
1234 1236
4 5
1 2
0 3
1 2
1 2
1 3
1333 1334
1 1
1 1
1 2
1 2
1 1
0 3
2 4
1449 1449
1 2
1 1
1 2
2 3
0 4
1 2
0 4
1961 1961
1 640
0 645
1 2
0 3
1 2
2159 2173
2260 2262
2308 2310
1 170
1 2
1 2
1 2
1 2
1 2
3 5
2085 2085
2 4
1 2
19 40
20 28
1 25
1 3
0 2
1 3
0 4
1 1
1 2
1 3
2 2
1 3
1 2
1 3
1 1
2253 2254
2301 2301
1 154
1 2
1 2
1 2
2411 2411
2396 2397
1 758
2393 2624
2 180
1 171
1 2
1 2
0 1
0 2
2336 2822
1 81
1 43
1 2
1 2
1 4
1 2
1 2
1 3
1 1
2305 2306
1 2
1 1
1 2
1 2
2 4
1 2
1 2
1 2
1 3
1 2
1 2
0 3
1 2
2265 2266
2316 2424
2219 2220
1 182
1 38
2280 2297
2 2
1 2
1 1
2235 2948
2310 2311
3 1043
1 389
1 2
2302 2303
1 402
2328 2329
1 30
2352 2613
4 233
1 182
1 2
1 2
1 3
2322 2674
1 2
1 2
2 2
1 2
1 3
2283 2285
1 2
1 4
1 2
1 2
2361 2362
2 32
2372 2994
1 516
0 526
1 2
2375 2375
1 422
2230 2475
1 202
1 191
2203 2245
1 2
1 4
1 2
2 3
3 4
0 6
2 2
1 2
1 2
2 3
1 2
1 4
1 2
1 2
1 4
1 6
3 3
0 5
1 1
1 2
1 4
0 2
1 2
1 2
1 3
2315 2316
2259 2262
1 2
0 2
2185 2186
0 2
6 9
0 2
2 3
1 1
4 4
0 2
1 2
2261 2263
1 2
2219 2222
1 590
1 594
2194 2561
1 343
1 337
2 2
1 2
1 2
1 3
2271 2273
1 374
1 374
1 2
1 3
2299 2300
1 177
1 184
1 2
2 2
0 2
2 2
1 1
2319 2320
2318 2318
2325 2325
2314 2316
1 1
7 8
6 9
1 2
1952 1953
1 184
1 129
1 2
1 4
1 2
1 2
2236 2236
2 558
1 487
1 2
2336 2338
1 700
0 637
1 2
2244 2247
2 376
2303 2304
2261 2262
1 36
2 15
2354 2356
2361 2363
1 2
1 2
2235 2238
1 257
1 223
2275 2275
1 593
1 483
1 2
2272 2274
1 682
1 595
2266 2519
1 302
1 306
1 2
1 4
2327 2328
2329 2330
1 96
1 98
2377 2378
2363 2363
3 5
4 6
1 4
1 10
1 3
3 4
1 5
1 2
1 2
1 3
1 2
2328 2330
1 20
1 2
1 2
1 2
1 1
1 1
1 2
1 3
1 3
1 2
0 4
2274 2278
2234 2235
1 910
1 663
1 2
2167 2168
1 265
1 199
2247 2249
1 266
2339 2341
1 38
1 35
2276 2277
1 2
1 2
2 4
0 2
1 2
1 2
1 2
2306 2308
2 3
1 3
1 5
1 2
1 2
1 1
2375 2379
2 245
1 238
2 2
2275 2457
1 101
0 36
1 2
1 2
1 4
2362 2364
1 710
4 721
1 2
2277 2277
1 156
6 123
1 2
2 5
1 2
1 2
2249 2515
1 110
2301 2301
2398 2399
1 326
1 61
2381 2381
2321 2323
1 357
2302 2304
1 206
1 199
1 2
1 2
0 3
3 4
0 2
1 1
2278 2279
2 555
1 557
2302 2305
2445 2495
1 513
1 187
1 2
2 5
1 7
2279 2493
1 2
0 3
2 3
2 3
1 2
2302 2303
1 2
1 3
1 3
2308 2421
2 3
3 4
1 3
1 4
1 6
2184 2389
1 2
1 3
1 4
2219 2220
1 338
1 340
5 26
0 30
1 31
1 2
1 4
2286 2288
2298 2556
2 671
1 208
1 2
2320 2321
2 636
2353 2355
2273 2274
1 2
2 3
1 1
1 1
1 1
2 2
1 2
2327 2329
1 64
2382 2383
1 57
2 67
1 2
1 4
1 6
1 2
1 4
1 6
2174 2175
1 98
1 100
1 2
1 2
2344 2744
2220 2221
1 714
1 144
2259 2749
2311 2312
1 874
2412 2414
1 1
1 1
1 1
2350 2391
2 3
3 4
0 1
1 2
1 2
1 1
1 1
1 1
2357 2359
2330 2331
1 258
1 84
1 2
2315 2835
1 502
0 446
1 2
1 1
2247 2248
2325 2942
1 770
1 592
2350 2541
1 222
1 219
1 2
2 2
1 1
1 2
2 5
0 7
2332 2333
1 2
2 2
2 3
1 2
1 2
3 4
1 5
2375 2376
1 2
2238 2404
1 3
4 4
3 4
1 2
1 1
1 1
1 3
2 3
1 1
1 3
3 4
1 2
1 1
1 2
3 4
1 2
2305 2305
6 28
1969 1970
2276 2388
1 602
1 391
2288 2288
4 713
2418 2418
1 717
2425 2426
1 22
2405 2406
1 4
0 6
2445 2446
1 2
5 6
1 8
2499 2500
2 36
2387 2564
4 29
1 26
1 2
1 3
0 4
1 2
2431 2431
1 409
1 360
2 3
2 5
1 2
2 2
2150 2865
3 316
2386 3087
2380 2399
1 990
1 14
1 2
1 2
2330 2331
2 2
2 6
2407 2408
1 2
1 2
1 1
2399 2432
11 20
15 33
1 10
1 2
1 2
1 3
2489 2491
9 74
2333 2334
0 318
1 261
8 9
1 3
4 13
1 2
2447 2703
1 271
1 228
1 2
2472 3401
1 931
0 869
1 3
1 3
1 5
2210 2220
2433 2433
1 2
1 2
2 3
2335 2337
1 2
0 2
2 3
3 3
1 2
2257 2259
2 2
1 2
3 3
1 4
2 2
1 2
3 4
0 2
1 3
1 4
1 6
2328 2403
1 2
0 3
1 2
1 2
1 1
1 2
1 3
1 3
1 2
2146 2148
1 102
13 97
1 2
1 3
0 4
1 2
2235 2235
1 234
1 178
2185 2186
1 1030
1 1027
1 2
2302 2303
1 12
1 2
1 2
0 3
1 5
1 2
1 4
2297 2298
1 1
2275 2276
1 2
2 3
2 2
2292 2293
2 49
2290 2291
1 142
1 144
1 2
1 2
1 2
1 2
2332 2334
1 214
1 174
1 2
1 4
1 2
1 2
2245 2246
0 22
2260 2261
2 1052
0 1050
1 2
1 1
1 2
1 2
1 2
1 2
2334 2335
1 148
0 129
2292 2293
2373 2373
3 4
2333 2361
2379 2380
2349 2352
2315 2315
1 358
1 1
1 2
2275 2277
1 1082
2315 2316
2323 2324
1 202
2426 2427
1 65
2400 2409
1 2
0 3
1 1
1 2
0 3
0 4
1 2
1 3
0 1
1 1
1 3
0 1
2318 2684
1 2
1 8
1 1
1 2
1 1
2206 2898
1 104
1 22
1 2
1 1
1 1
1 2
1 1
2 3
2363 2365
0 115
1 114
1 2
1 1
0 2
1 2
1 3
0 3
1 2
2436 3448
1 895
2221 2222
1 35
1 26
2339 2528
1 2
2210 2265
1 2
1 3
1 2
1 2
0 2
3 3
1 1
1 2
2 2
1 2
1 2
1 3
1 2
1 2
0 2
1 2
2337 2338
8 98
1 37
2303 2303
2342 2343
1 357
1 306
1 2
2321 2322
1 288
1 246
2 2
1 3
1 5
1 2
0 1
1 3
1 2
1 4
2251 3067
1 499
4 497
1 2
2372 2374
1 259
2382 2382
1 28
2368 2370
2343 2344
8 320
2356 2365
1 2
1 4
1 2
2410 2414
1 348
1 345
1 2
2327 2331
10 441
1 370
2 2
1 1
2295 2296
1 477
0 465
0 2
1 1
1 1
1 2
2336 2553
1 154
1 114
2 3
1 2
2332 2356
1 6
2354 2535
7 169
1 172
2 2
2309 2395
1 2
1 4
1 2
1 2
2384 2385
1 110
1 77
1 2
2283 2287
1 247
2304 2306
1 470
1 474
1 2
1 1
2413 2413
2293 2294
3 861
1 2
1 4
2398 2399
2277 2280
1 146
1 61
1 2
1 2
1 1
1 2
1 1
1 2
2435 2435
2280 2282
12 13
0 10
1 2
1 2
1 2
1 1
2384 2573
1 134
2230 2230
1 388
1 378
1 2
1 2
1 3
1 2
1 2
0 3
1 2
0 4
1 5
2316 2965
1 500
1 506
1 3
2264 2266
1 222
1 134
2398 2400
1 77
1 69
1 1
0 2
1 3
1 2
2 3
0 1
1 2
2265 2265
1 12
2409 2411
5 69
2301 2304
1 2
1 4
1 2
1 2
2303 2441
1 83
1 55
2 2
1 3
0 4
1 2
0 2
1 1
1 2
0 1
1 1
2197 2198
2 297
1 293
2 2
1 3
0 1
1 2
1 3
1 5
1 2
0 3
1 4
2310 2310
1 398
1 403
1 2
1 2
1 2
1 1
1 1
2308 2310
2315 2319
1 407
2270 2272
1 1
2247 2319
1 2
2155 2158
2 2
1 1
0 2
1 3
2 3
3 5
1 2
2410 2410
1 505
1 444
1 2
1 3
1 3
1 2
2 3
2389 2390
1 375
2139 2139
1 282
0 286
1 2
2412 2498
1 258
1 247
1 2
1 4
1 2
2271 2534
1 2
1 5
1 1
2 2
1 4
1 2
1 2
1 1
1 2
1 2
2267 2271
1 2
1 1
2335 2335
2284 2287
1 2
1 2
1 2
1 1
1 2
1 1
1 2
0 2
1 2
2 3
1 4
1 3
1 2
2 3
1 4
1 2
1 3
2192 2195
1 169
1 170
1 2
1 2
0 4
2 2
2 4
1 2
3 4
1 5
2 7
1 2
1 3
1 2
2105 2478
1 2
1 4
1 2
1 2
1 1
1 1
1 2
2165 2165
2142 2143
1 806
1 478
1 2
1 2
1 1
2 4
1 1
1 1
2289 2292
4 85
2315 2317
12 193
8 197
1 2
1 2
1 1
2245 2249
2336 2339
2 27
3 23
2247 2248
0 565
1 559
1 2
1 2
1 3
2303 2303
1 2
1 2
1 1
1 2
1 2
2241 2555
7 137
1 110
2250 2251
4 649
8 657
2374 2457
4 156
1 151
1 2
1 2
1 2
1 2
1 2
1 2
1 4
1 1
1 2
1 4
1 2
2254 2255
1 2
2350 2351
1 4
1 1
2321 2322
2 3
2 4
1 1
1 2
2 3
1 2
1 2
1 1
2192 2193
1 415
2236 2240
4 9
4 13
2246 2247
2156 2157
2391 2392
2365 2365
1 735
2392 2394
2377 2378
2320 2731
1 386
2381 2383
1 130
4 137
1 2
1 3
2401 2495
2 61
1 62
2 2
1 1
0 1
2 3
1 1
1 1
1 2
1 1
1 1
1 1
1 1
2314 3091
4 276
1 282
1 1
1 1
1 2
1 2
1 2
1 4
1 2
1 2
1 2
1 2
1 1
2 2
1 2
1 1
2 2
1 2
2327 3744
2310 2310
2345 2371
1 30
2298 2415
1 2
4 4
1 2
1 2
1 1
2214 2546
1 129
1 139
1 2
1 3
0 4
1 2
1 3
2169 2169
1 2
2 5
1 2
2292 2295
1 402
2276 2280
1 725
1 666
1 2
1 3
0 2
1 2
0 2
2293 2626
1 91
1 93
1 2
1 1
2364 2647
1 2
1 1
2279 2281
1 2
1 2
2 2
1 2
2259 2261
1 2
2 2
3 4
5 6
1 2
1 2
1 2
2 3
1 4
1991 1991
1 2
1 1
1 2
1 1
1 2
1 4
1 1
2314 2318
1 2
3 3
1 1
1 2
2215 2583
1 378
1 338
1 2
1 1
1 2
2340 2340
1 950
0 926
1 2
1 1
2322 2324
1 110
1 111
1 2
2231 2232
1 60
1 2
1 2
2360 2363
1 178
1 134
1 2
2387 2387
1 76
1 24
2331 2333
1 2
1 1
1 1
2356 2359
2 2
1 14
1 2
1 2
1 2
1 1
2328 2329
1 323
1 320
1 2
1 3
2314 2314
4 889
1 886
1 2
1 2
1 2
1 2
1 2
2 5
2 2
1 2
1 1
2316 2318
1 2
2211 2213
2 2
3 4
1 1
1 1
1 2
1 2
3 4
1 1
1 1
1 2
2274 2275
1 108
1 19
1 2
0 1
2179 2181
2 3
1 5
1 2
2317 2319
1 91
2315 2316
2196 2199
1 249
1 236
1 2
1 2
1 4
1 2
1 2
2347 2347
1 1238
1 1240
1 2
2365 2366
2364 2367
5 48
1 1
1 2
1 4
4 5
1 1
2314 2314
1 2
3 3
2 5
1 2
2267 2268
1 2
3 3
1 2
0 2
2272 2344
1 1
1 3
0 2
2214 2216
1 5
2 2
1 1
1 2
1 2
1 2
1 1
1 2
1 2
2 2
1 2
0 4
1 2
2126 2128
1 2
1 6
2113 2113
1 1342
0 1343
1 2
2312 2312
1 358
1 312
1 2
1 1
1 1
2319 2320
1 2
1 2
1 2
1 4
2306 2307
2309 2309
1 2
2 3
2 3
2098 2101
1 1
2279 2281
1 2
0 5
1 1
1 1
1 1
1 2
1 1
1 2
0 1
0 2
2309 2310
2 2
2 5
3 3
1 2
2 2
1 2
1 4
0 5
2 2
1 3
1 5
1 2
2226 2226
1 1058
1 999
1 2
1 2
1 1
1 2
0 2
1 1
2147 2151
2224 2224
1 417
0 101
1 2
2327 2328
1 71
1 46
2363 2364
1 2
1 3
2375 2375
1 2
1 3
1 2
1 2
1 3
2292 2294
1 2
1 1
1 2
1 2
1 1
1 1
1 1
1 2
2249 2250
2263 2263
1 1202
1 1186
1 3
1 4
2373 2645
1 247
0 258
1 2
0 3
1 1
2265 2266
1 2
1 2
2 3
1 2
1 2
1 3
1 2
2283 2284
2 2
1 2
2290 2291
1 1
1 2
0 2
1 2
1 3
1 2
0 2
1 3
2250 2267
1 34
8 48
2302 2303
2337 2337
1 2
0 1
1 2
1 1
1 2
2 3
2 4
1 2
1 2
0 1
2 2
1 2
1 2
3 4
1 2
1 2
1 1
1 2
0 2
1 2
0 1
0 1
2 2
1 1
0 3
1 4
1 2
2240 2240
1 761
1 711
1875 1876
2 93
1 96
1 3
3 6
1 7
1 1
0 2
1 2
1 2
3 3
1 3
2035 2035
1 2
2307 2308
1 307
2319 2321
8 178
1 171
2 3
2 2
1 2
2330 2330
1 5
1 5
1 2
0 3
2344 2344
1 219
1 220
2301 2303
5 6
1 7
1 1
1 3
1 4
0 5
1 2
1 4
1 2
1 2
1 2
1 3
2 3
1 3
1 5
1 3
2316 2317
0 395
2 328
2286 2287
2 290
1 297
2329 2334
5 6
1 1
2331 2521
1 254
1 235
2335 2336
5 213
1 215
2272 2276
1 2
1 1
1 1
3 4
1 2
2192 2195
4 21
1 26
1 2
2 2
1 3
2 2
1 3
1 4
2259 2262
1 258
1 268
1 2
1 4
1 1
1 2
1 3
1 2
1 2
1 4
1 1
1 2
1 4
1 2
1 2
2386 2387
1 211
1 197
1 2
1 3
2273 2275
2323 2324
1 154
0 40
1 2
1 4
1 5
1 1
1 3
1 4
2261 2261
2 2
1 3
0 2
1 1
3 4
1 1
1 2
0 1
0 2
2 2
1 1
2 3
1 4
1 6
2307 2308
2 2
3 3
0 2
1 2
3 3
2218 2218
1 2
0 2
1 2
1 2
1 4
1 2
1 2
1 3
1 2
1 2
1 4
1 2
2280 2281
1 2
0 3
2 4
1 2
0 1
1 2
1 2
1 1
2333 2334
1 390
0 397
2058 2062
1 2
1 2
1 2
1 3
1 1
2061 2108
1 2
1 2
1 2
1 4
1 4
1 2
1 2
0 3
1 4
1 2
1 2
0 4
1 2
3 3
1 1
2181 2183
2089 2090
1 388
1 266
2202 2203
2188 2188
1 453
2350 2352
2470 2470
1 881
1 606
1 2
1 2
1 2
1 2
1 2
1 2
1 4
1 2
1 2
1 4
2 2
1 2
1 4
1 2
1 2
1 2
2 4
1 2
1 2
2612 2613
2535 2565
1 191
0 192
2575 2576
2 2
1 2
3 4
2 5
1 2
0 4
1 4
2 6
4 6
1 2
1 3
2 2
1 3
1 4
4 5
5 6
1 8
1 9
2469 2470
1 2
3 3
1 1
1 2
1 1
2474 2538
1 2
1 2
1 1
1 2
2165 2478
0 2
1 2
1 1
1 2
1963 2217
1 2
4 5
2164 2166
1 1176
2187 2188
2044 2046
1 540
1 546
2409 2410
2 311
1 268
2404 2405
1 2
1 1
2310 2316
2317 2322
2325 2326
1 2
1 2
1 1
1 1
0 1
0 1
1 2
2 3
1 3
2 4
1 1
1 2
0 1
1 2
1 2
2 3
1 1
1 2
7 7
1 1
0 2
1 1
1 2
1 1
1983 3160
1 122
1 127
1 2
1 1
1 2
1 2
1 2
1 4
2160 2160
1 542
0 547
1 2
0 3
1 2
2287 2287
1 1
5 13
1 1
1 2
2 3
2 6
1 2
2013 2014
2106 2107
1 61
1 2
3 5
4 5
1 6
1 7
2 3
1 9
1 11
1 2
2361 2365
1 112
2318 2319
2120 2120
1 86
1 2
1 2
1 4
1 2
2 2
2305 2307
3 503
1 509
2219 2222
1 617
1 628
1 2
1 3
1 2
2 2
2 4
1 2
2312 2314
1 2
1 3
1 1
2446 2447
1 322
1 314
2262 2307
1 2
2 3
1 4
2415 2417
1 1
1 2
1 3
2345 2434
0 56
1 6
1 2
1 3
2279 2279
1 2
1 1
1 3
2 3
2286 2288
1 611
0 612
1 2
1 2
2281 2282
1 687
2 683
2267 2268
1 10
2369 2370
6 461
1 450
2391 2391
1 2
1 2
2362 2363
1 2
1 2
1 2
1 2
1 1
0 1
2406 2406
4 52
1 45
2403 2404
1 1
1 1
1 2
1 4
1 1
1 2
2239 2242
1 347
1 285
1 2
2 5
3 8
1 2
1 2
1 4
1 2
2235 2235
2 570
1 507
1 2
1 2
2407 2425
2 61
0 54
2368 2369
1 422
1 184
1 2
1 2
1 3
2351 2351
2386 2387
1 2
4 4
2354 2355
1 85
2378 2381
2 124
1 125
1 3
1 5
1 5
2386 2388
1 2
2 4
1 5
3 6
1 2
1 2
2 3
2 5
1 2
2 3
1 2
1 3
1 2
2 3
1 1
3 4
1 2
0 1
1 1
2 2
1 2
2223 2224
1 2
2 4
1 2
2 3
1 2
1 3
1 2
1 2
2190 2192
0 6
1998 1999
1 418
1 415
1969 2058
1 2
1 2
1 1
1 2
2 3
0 5
1 2
1 1
0 3
2307 2308
1 2
0 3
2311 2313
1 1
1 2
2 3
6 8
1 1
2298 2298
2221 2221
2348 2349
1 63
2277 2277
1 2
1 2
3 4
1 5
1 6
1 2
3 4
1 5
1 2
2 3
3 4
1 1
1 2
1 3
1 2
1 2
1 4
1 2
2186 2189
1 27
2250 2252
1 41
2 56
2385 2389
2 177
1 170
1 3
1 4
2 7
1 2
1 4
1 6
2410 2412
1 1
1 2
2215 3355
8 852
1 820
1 1
2308 3505
1 127
1 77
1 2
0 4
1 4
2 2
2432 2437
1 294
0 234
1 2
2404 2405
1 99
2 46
2153 2155
2447 2471
2 2
2 3
1 2
1 1
2 3
1 1
2347 2348
1 423
1 335
1 2
2 6
2352 2353
1 4
3 4
2301 2301
2 806
0 741
1 2
2329 2331
1 158
2303 2304
1 290
1 267
1 2
1 3
1 3
1 5
1 2
1 3
1 2
2343 2344
1 2
2 2
1 2
1 2
2306 2308
2340 2341
1 1
2 3
1 2
1 1
1 2
1 2
2 3
3 4
1 6
1 1
0 2
1 1
1 2
1 2
2 2
1 2
0 2
1 4
2 3
2223 2224
2 112
2232 2237
5 57
2 3
0 1
1 3
1 1
1 2
1 4
1 2
1 2
1 4
1 2
1 2
2117 2118
1 422
0 362
1 2
2112 2238
1 148
1 93
1 2
1 1
0 1
2272 2273
1 720
1 730
1 2
1 4
1 2
2315 2316
1 2
1 2
1 2
1 2
2387 2388
1 2
1 1
1 2
2226 2229
1 2
1 2
1 2
2 3
1 1
1 2
1 1
1 2
1 1
1 1
1 2
0 2
2216 2216
2 2
3 4
7 9
5 8
0 2
2 3
2132 2136
1 2
1 4
1990 1990
1 193
1 191
2147 2147
1 406
2204 2206
1 960
1 963
2 2
1 3
2340 2344
1 251
1 253
2319 2320
1 2
1 2
1 3
2431 2433
2377 2379
1 2
2 3
2 4
1 1
4 5
2360 2365
2089 2090
1 2
2 4
1 2
1 2
3 3
3 3
1 2
1 2
1 3
1 2
1 2
2336 2743
0 430
4 381
1 2
1 2
1 1
1 2
0 1
1793 1797
2346 2347
2272 2273
1 967
3 1368
2331 2331
1 3
2 4
4 5
2 7
2363 2363
2177 2180
1 2
1 2
4 6
2 3
1 1
1 2
1 2
2 2
1 2
3 4
3 5
2302 2303
1 2
1 2
1 2
1 2
2 3
1 1
2 3
1 2
1 2
1 2
2 3
0 1
1 3
1 2
1 1
1 1
2 3
0 1
2 2
1 2
2 3
1948 1950
4 5
1 2
1 2
0 1
1 2
1 3
0 1
1981 2318
1882 1883
2209 2209
1 1526
1 482
2265 2266
2236 2237
2321 2323
2364 2365
1975 2230
2241 2242
1195 2515