12 56
16 54
30 76
31 73
31 74
31 72
32 72
32 79
35 79
7 7
18 20
18 29
29 30
33 35
34 34
4 4
5 5
3 8
24 25
11 11
10 12
13 13
1 2
8 9
1 2
1 1
1 2
1 1
1 2
2 2
1 1
15 15
1 1
11 13
6 7
12 12
7 7
1 1
0 1
1 2
2 2
1 3
2 2
3 4
1 3
3 3
2 2
1 2
1 3
2 2
11 12
12 12
2 2
2 3
2 2
1 2
2 2
2 2
1 2
1 2
2631 2676
2 2
2838 2838
2998 2998
1 3
1 1
1 1
3034 3036
3159 3160
1 2
12 13
1 1
3322 3322
1 2
1 2
1 3
1 1
3344 3345
1 2
1 1
1 1
1 2
1 1
2908 2910
1 1
1 3
3 4
1 2
2 3
2 3
3 3
1 2
9 9
16 17
12 36
8 9
2734 2734
3 3
3 4
2 2
12 12
5 5
1 2
5 6
1 3
1 1
1 1
1 1
2 2
3 4
16 16
27 27
6 7
4 4
5 6
2963 2964
1 2
1 1
12 12
4 5
1 2
1 1
1 2
2 3
1 2
13 14
2698 2698
16 17
12 13
1 1
1 1
1 2
1 1
2752 2754
1 2
1 2
1 1
1 2
2827 2831
1 2
18 19
2816 2817
1 1
1 1
3 3
1 1
1 2
1 2
1 1
1 2
1 1
2895 2896
2729 2730
3051 3054
2 2
1 4
2739 2740
1 3
1 2
1 2
1 2
2 3
2 3
2960 2960
1 2
2 2
1 1
1 1
8 13
2 2
1 2
2 2
2 2
3 3
2484 2485
1 1
4 5
1 2
1 1
1 2
1 2
1 1
19 32
1 2
1 3
2785 2786
2763 2763
2826 2826
2 2
2 2
1 2
1 2
1 2
2751 2752
1 2
1 1
1 3
2 2
2666 2667
2761 2761
1 1
1 2
2 2
1 1
1 1
1 1
1 2
3 3
4 4
1 2
0 2
1 1
1 2
1 2
2625 2627
1 1
1 1
2 2
1 2
2 2
2 2
2563 2563
1 2
2653 2654
2 2
1 2
2 2
2615 2615
1 2
2461 2462
1 2
2454 2455
1 2
4 4
1 2
2696 2697
2 3
2911 2911
2791 2796
2839 2840
2812 2813
2 2
2 3
1 1
2 2
1 2
4 4
12 13
12 12
29 29
4 4
1 2
1 1
1 2
1 1
1 1
2593 2594
2829 2830
2 2
1 1
2 2
2763 2763
1 1
1 2
1 1
1 2
1 2
1 2
2 2
1 2
1 2
2796 2798
2667 2667
2 2
1 1
1 1
1 1
2 2
1 2
1 1
1 2
2 3
2395 2396
1 2
1 1
3 4
1 1
2 2
1 1
1 2
3 3
3 3
1 2
2 2
4 4
2 2
2 2
1 3
3 3
3 3
5 5
1 1
2529 2529
1 2
2698 2699
2561 2561
1 1
2 2
2650 2652
8 8
1 1
2 2
2674 2674
2601 2602
1 2
1 2
2 3
1 2
3 3
1 2
2 2
2 2
1 1
1 1
1 2
1 1
1 2
2603 2603
1 2
1 1
2761 2761
2668 2670
1 2
1 2
1 2
2859 2861
1 2
1 2
2667 2667
1 2
2 2
2676 2678
1 2
1 1
1 2
1 2
1 2
2788 2789
2 2
1 1
1 1
2842 2842
1 2
2 3
2762 2762
1 2
2 3
1 2
2747 2749
2784 2785
1 3
1 2
2903 2903
2832 2834
1 3
11 12
2901 2902
1 2
1 2
2905 2906
1 1
1 2
1 1
1 1
2938 2939
1 1
2975 2976
2 2
1 2
2962 2963
1 1
1 2
1 2
2861 2862
1 1
1 2
1 2
1 2
2881 2881
2843 2844
1 2
2 2
1 1
1 1
1 2
1 1
1 2
1 2
1 2
1 2
2745 2747
1 2
1 1
0 2
1 2
2 2
2 2
2712 2712
1 1
1 2
1 2
2802 2803
1 2
2 2
2770 2772
2 2
2791 2791
1 1
1 1
2772 2773
2788 2789
1 2
3 3
5 5
1 1
1 2
2 2
3 3
1 2
1 2
1 2
2711 2711
1 1
1 2
2 2
2715 2715
2 2
2 2
1 1
1 2
2 2
1 1
1 2
2 2
2688 2688
1 1
1 1
2 2
2673 2673
1 2
2 2
1 2
2 3
2623 2624
1 2
1 2
2615 2616
1 2
1 2
2735 2736
1 1
2827 2827
2831 2832
4 4
2628 2629
1 2
2683 2683
2756 2757
2836 2836
2520 2521
2514 2515
2511 2511
2025 2026
1522 1522
1526 1527
1 2
2 3
1 1
2 3
6 7
2 3
1 1
7 7
9 9
1 1
3 3
4 6
5 5
14 14
11 12
4 4
2 3
3 4
4 4
4 4
7 7
1 1
2 3
2 2
3 3
0 1
1 1
1 2
15 16
12 12
1 1
1 2
2 2
1 2
2 2
1 1
2 2
2335 2336
2 2
2 2
2 2
2622 2624
2647 2648
1 2
2667 2669
2 2
1 2
2 2
2737 2738
1 1
2 2
2809 2810
2 2
2 2
2694 2695
1 1
2830 2832
4 4
1 1
1 1
2 3
1 1
2 2
2 3
2645 2645
2 2
3 3
2711 2712
1 2
1 1
3 3
1 1
2 3
4 4
2750 2751
2814 2814
1 2
1 2
2704 2704
1 1
3 3
2756 2757
2851 2851
2 3
2 2
3 3
1 2
1 1
1 1
4 5
1 2
2690 2690
2725 2725
2848 2849
2 2
3 4
1 1
1 2
3 4
4 5
1 1
2855 2856
3 3
2851 2852
8 8
1 1
0 1
1 2
2 2
1 2
1 1
2 2
4 4
1 1
0 1
1 1
1 1
8 10
5 5
1 2
4 4
1 1
2 2
11 12
12 12
1 1
3 3
1 1
1 1
1 1
1 2
1 2
2703 2705
1 2
1 2
2 2
2436 2436
1 1
2656 2658
2765 2765
1 2
2807 2807
2674 2675
2693 2693
1 2
1 1
1 2
2770 2770
4 5
1 2
2767 2767
1 2
1 2
1 2
1 2
2 5
2813 2813
2738 2738
2 2
2826 2827
1 2
2 2
2 2
2697 2697
2 2
2 2
2834 2834
1 1
1 1
1 1
1 1
2711 2711
2664 2664
2 2
1 1
1 1
1 2
1 1
2735 2735
2605 2605
1 1
1 1
1 1
2 2
3 3
1 1
1 1
1 1
2805 2806
2704 2705
1 1
1 2
1 1
2 2
1 1
1 2
2 3
2594 2595
1 1
1 2
1 2
1 2
1 2
2788 2788
1 1
2 2
1 1
2718 2719
1 2
2825 2825
1 1
2 2
2878 2879
2742 2742
2610 2610
3 4
4 4
5 5
5 6
6 6
2 2
2 3
1 1
1 2
4 5
1 1
2 2
2657 2658
1 2
1 1
1 1
1 2
1 2
1 1
0 2
0 2
1 1
1 1
1 2
1 2
1 1
1 1
1 2
1 2
1 2
1 2
1 2
2469 2470
7 7
0 2
1 1
2427 2427
1 2
2 2
1 1
1 2
1 2
2438 2438
1 2
1 2
2351 2352
1 2
1 2
1 1
1 2
1 1
1 1
1 1
1 2
2617 2617
1 2
2737 2739
5 5
1 2
1 1
2629 2629
2 2
2578 2579
2769 2769
2 2
1 2
2 2
1 1
1 2
9 12
1 1
1 2
1 2
1 1
1 2
1 2
2752 2753
1 2
2660 2660
1 2
1 1
1 2
1 2
2789 2790
0 2
1 1
1 2
7 9
1 1
1 1
2807 2808
3 3
2689 2689
2826 2826
2750 2751
2705 2705
2815 2816
1 1
1 2
2 2
2894 2895
1 2
2775 2776
1 2
2923 2924
2818 2820
1 2
2815 2815
1 1
1 2
1 1
1 2
1 1
1 1
2860 2861
1 2
1 1
2816 2816
2786 2787
2810 2810
2 2
2 3
4 4
1 1
4 4
3 3
1 2
1 1
1 2
2 2
2 2
1 2
1 1
2 3
1 2
1 2
2 2
2620 2620
1 2
2 3
1 1
5 10
9 9
5 6
2421 2422
2 2
2 2
2 3
1 1
4 4
1 2
1 1
1 2
1 2
2469 2470
1 1
1 1
1 2
2 3
1 1
1 2
1 2
1 2
1 1
1 2
1 2
2538 2539
1 2
1 1
2518 2520
12 14
2 3
1 1
1 2
2440 2440
2 2
1 1
2546 2547
2 2
2 2
1 1
2 2
1 2
2762 2763
1 2
1 1
1 2
1 1
1 2
1 1
2781 2781
2789 2789
1 2
0 1
2 2
2 2
2775 2776
1 2
2540 2540
2550 2550
2608 2610
1 1
1 1
2 2
1 2
2767 2767
2 3
3 3
1 2
1 2
1 2
2579 2580
2 2
2 2
1 2
2 2
1 2
2 2
1 2
2 2
2627 2627
1 1
2556 2557
3 3
1 2
2773 2773
2808 2808
1 2
2 2
2 2
2704 2706
2747 2748
1 1
2 2
1 1
1 1
1 2
1 2
1 1
1 2
2340 2341
11 11
2 2
1 1
1 2
1 2
2551 2551
2688 2690
2 3
1 2
1 2
2656 2658
2433 2433
2 2
2 2
2 2
1 1
2 2
2760 2760
1 2
1 1
2822 2823
2 2
2867 2868
5 5
1 2
1 1
1 2
12 12
1 1
2914 2915
2786 2787
5 5
1 1
1 1
1 1
1 1
1 2
1 2
1 2
1 2
2854 2855
2662 2662
5 6
2 2
1 2
0 2
2 2
1 1
1 1
0 2
1 1
1 2
1 1
1 2
1 1
1 2
19 20
2591 2592
1 2
1 1
2586 2588
1 2
2661 2661
2658 2658
1 2
2 2
1 1
1 2
1 2
2632 2634
1 1
1 2
2644 2645
1 1
8 8
8 9
1 2
2 2
0 1
1 1
1 1
3 3
1 1
1 2
1 2
1 1
1 2
1 1
1 2
1 1
2679 2679
0 2
1 1
1 2
2680 2680
4 4
2571 2571
2 2
11 11
11 11
10 11
1 2
1 2
11 12
1 2
17 18
1 1
1 2
2393 2393
1 2
1 2
2641 2641
1 2
1 1
2681 2681
2 2
1 2
1 2
1 1
1 2
1 1
2 2
2603 2604
2 3
2 2
2650 2651
1 2
1 2
1 2
2807 2807
2 2
2 2
2 2
1 1
2926 2926
1 1
1 2
2969 2969
3038 3038
1 2
2 2
1 1
1 2
2597 2598
1 1
1 2
1 1
4 5
1 1
2 3
2691 2692
1 2
2589 2590
1 1
2 2
3 4
1 2
2 2
2 2
3 3
2 2
3 3
4 5
4 4
1 2
3 3
3 5
1 2
3 3
1 2
0 1
1 1
2 2
1 1
1 1
2580 2580
2 3
2 3
3 3
3 4
5 5
6 7
2 2
2 2
1 1
2144 2144
2 2
1 1
2 3
0 0
2 3
3 3
4 4
1 3
2 2
2 2
2 2
2 2
2 2
2310 2310
2 2
1 1
1 1
2495 2496
2613 2614
1 2
1 1
2431 2431
1 1
1 1
1 1
2 2
1 1
2415 2416
2 2
1 2
2 2
2588 2588
2 2
2 2
2 2
2 2
2 2
2 2
1 2
2643 2643
2 3
2680 2681
2686 2686
2 2
3 3
1 2
3 3
1 2
1 1
2 2
1 2
1 1
2695 2696
19 19
2 2
2 2
2676 2677
1 1
1 1
1 1
1 2
1 2
1 1
1 2
2 2
2 2
2701 2701
2641 2641
1 1
2664 2664
1 2
1 1
1 2
1 1
1 1
0 2
1 1
2535 2535
1 2
2616 2617
2621 2621
2704 2706
1 1
2728 2729
2728 2728
2837 2838
1 2
2824 2824
2826 2826
2 2
1 2
2 2
1 1
2 2
2833 2833
1 1
1 2
1 2
2872 2873
10 10
11 11
24 24
2845 2845
1 1
1 1
13 14
1 1
2 2
1 2
1 2
2 3
1 2
1 2
2 3
1 2
1 1
2 2
2 2
2830 2831
1 1
3 3
3 3
3 3
1 2
1 1
2 2
2 3
1 1
1 2
2923 2923
1 3
2571 2571
2 4
2 2
2673 2674
5 5
0 2
3 3
1 1
1 1
2 2
1 2
2 2
2 3
2608 2608
2 3
2 2
1 1
1 2
2288 2288
1 2
2 2
1 2
2 2
2 2
2 2
2 2
2600 2600
1 2
1 2
2 2
1 2
2657 2657
2697 2697
1 1
2 2
1 2
2815 2815
2 2
1 1
3 3
2791 2792
2 2
3 3
1 2
2 2
2 2
1 2
2 2
2 2
1 1
2 2
2615 2616
1 1
2 2
1 1
4 4
1 1
1 1
1 2
2595 2595
1 2
1 1
1 1
2547 2548
1 1
1 2
2551 2551
1 1
2 2
1 1
1 1
2 2
3 3
1 2
1 2
2 2
1 2
2471 2471
2 2
1 2
1 2
2509 2510
1 2
1 2
1 2
2638 2638
1 1
1 1
2 2
1 1
1 2
2726 2727
2582 2582
2 2
3 3
1 2
2 2
1 3
1 2
2606 2607
2711 2712
1 1
1 2
2 3
1 1
1 1
2792 2793
2 2
1 1
1 1
1 2
1 2
2778 2778
1 1
2 3
1 1
2579 2579
2 2
1 1
3 3
1 1
2 3
1 1
1 1
2 2
3 3
1 1
2 2
2 3
1 1
2419 2420
1 2
1 2
1 2
0 1
3 3
1 1
2 2
2 2
2567 2567
2568 2568
2 2
2630 2630
2 2
2562 2563
1 1
1 1
2590 2590
3 3
3 4
1 2
2 2
1 2
1 2
4 4
2 2
2 2
2604 2604
2546 2546
1 1
2628 2629
1 2
9 9
1 2
1 1
1 2
1 1
3 3
2 2
1 1
2611 2611
1 1
3 3
2 2
1 1
3 3
3 4
2 2
1 1
2399 2401
2 2
1 2
2676 2676
1 1
1 2
1 2
2 2
1 1
1 2
2 2
1 2
1 2
2519 2519
1 2
1 1
1 2
2 2
2563 2564
1 2
0 2
1 1
2547 2548
0 2
1 1
1 1
0 2
0 2
1 2
1 1
2504 2506
2670 2671
2 2
1 2
2674 2675
2700 2700
1 2
1 1
1 1
1 3
2 4
2 2
2661 2663
1 1
1 1
1 2
1 1
2720 2721
2 2
4 5
3 3
1 1
2 2
3 3
2 2
2866 2866
8 8
1 1
1 2
1 1
1 1
1 2
1 2
2 2
1 1
1 1
1 1
2 2
1 1
2454 2454
1 2
2 2
2 2
2504 2504
1 2
2 2
2498 2498
2569 2569
2515 2515
1 1
2 2
2 2
2 2
1 2
2 2
2 2
2 2
0 2
1 1
2 2
2 2
1 1
2 2
2 2
2613 2613
2648 2648
1 1
1 2
2 2
2684 2684
2 2
4 5
1 2
2665 2665
2 2
2689 2690
1 1
3 3
1 1
1 1
2 2
1 1
2616 2616
1 3
2 3
1 2
2 2
2 2
1 2
1 1
1 1
2 2
2 2
2 2
1 2
2609 2610
1 2
1 2
2 2
1 2
2616 2618
5 5
1 2
2 2
1 2
1 2
3 3
1 2
2 2
2579 2579
2652 2652
1 1
0 2
1 1
2619 2619
8 8
1 1
1 1
1 2
1 1
1 2
2 3
3 3
4 4
1 1
3 3
4 4
2 2
2 2
1 1
2196 2197
1 1
2 2
1 2
3 3
3 4
4 4
2191 2191
1 1
3 3
2 2
2 3
4 4
2 3
9 9
2214 2214
1 1
1 1
3 3
1 1
2 3
2459 2460
4 4
2 2
1 1
2 2
2363 2364
1 2
1 2
1 2
1 1
1 2
2408 2409
2 2
1 1
1 2
1 2
2 2
1 2
1 1
2 2
2 2
1 2
2602 2602
4 4
1 2
1 1
2 2
1 1
1 1
2633 2634
2697 2697
1 2
2 2
1 1
3 3
4 4
2716 2716
2607 2607
2 2
1 1
2791 2791
1 2
1 1
2 2
2 2
2550 2550
2 3
1 1
1 1
1 1
1 2
2751 2752
1 1
1 1
1 2
1 2
1 1
2438 2438
21 22
0 2
1 1
1 2
24 25
24 24
1 1
2 3
12 13
7 8
2 2
1 2
1 2
1 1
11 12
12 12
2 3
2 2
2613 2613
1 2
2 2
2751 2751
1 2
2 2
2757 2757
3 3
1 1
1 1
2767 2767
1 1
1 1
2 2
3 3
1 1
1 1
2663 2665
1 2
2 2
1 1
2 2
1 1
2 2
2522 2522
1 1
1 2
1 1
1 3
2678 2679
1 1
2 2
4 4
5 5
5 5
2336 2337
2 2
8 8
9 9
1 1
1 2
2 3
3 3
2 3
2 2
3 3
3 3
1 1
3 3
3 3
4 4
6 7
3 3
4 4
1935 1935
1 1
2 3
1 2
1 2
1 1
1 2
1 2
1 2
1 2
1 1
2219 2219
1 2
2 3
2 3
1 1
2 2
4 4
1 1
2 2
2 2
3 3
2135 2135
1 2
1 2
1 1
1 2
1 1
4 4
1 2
2097 2097
2280 2280
2417 2417
8 8
2639 2640
2550 2550
2 2
2 2
2 2
2 2
2 2
2 2
2636 2636
1 1
2 2
4 4
2 2
1 1
2 2
1 1
1 2
11 12
14 15
1 1
16 17
14 16
5 6
1 1
4 4
8 9
5 5
9 10
12 13
12 12
1 1
1 1
1 2
1 1
1 1
1 1
1 2
2976 2976
2 2
2826 2827
1 2
1 1
0 2
2927 2928
4 4
2825 2827
2814 2814
2 3
2 3
3 3
3 3
4 4
1 1
1 2
3 3
3 4
4 4
0 2
1 1
1 1
1 1
2239 2240
1 1
1 1
1 1
2594 2595
1 1
1 2
1 2
2557 2557
2706 2706
2 2
2 2
2635 2635
13 13
1 2
2 2
2687 2687
2803 2804
2783 2784
2867 2867
2 2
2 2
2 2
2849 2850
1 1
1 1
1 1
2 2
1 1
2 2
1 1
2 3
1 2
2708 2708
2 2
1 1
1 1
1 1
2 2
2522 2523
1 2
1 1
1 1
0 0
1 1
1 1
1 2
2 2
3 4
1 1
1 1
2 2
3 3
0 2
15 16
8 9
1 1
1 1
1 1
1 1
1 1
1 3
2196 2196
1 2
2 2
1 1
1 1
2 2
0 1
2 3
0 2
1 1
1 2
1 1
1 1
2 2
1 1
2291 2291
1 1
2179 2179
2515 2516
2405 2405
1 2
1 2
1 1
1 1
1 6
4 4
4 4
1 2
2719 2720
1 2
1 2
1 1
2746 2748
1 2
1 1
2 2
1 2
1 1
2598 2598
1 2
2909 2910
1 1
1 1
1 1
11 17
0 2
1 2
1 1
1 1
1 2
2950 2950
2774 2774
1 2
1 2
1 1
1 2
1 2
1 2
1 1
2760 2761
1 2
1 2
2808 2808
1 2
1 2
1 2
2634 2634
2 2
2541 2541
1 2
2 2
2 3
2612 2612
2769 2769
1 2
2 2
1 2
2 2
2921 2921
1 1
2816 2817
2649 2649
1 1
1 2
3 4
1 1
4 4
1 2
1 1
1 2
1 1
0 2
1 2
2737 2737
2509 2509
1 2
2 2
1 2
2 2
1 2
3 3
2503 2503
1 2
2 2
1 1
1 1
1 1
5 6
2 2
1 1
2 2
1 2
1 1
1 2
2475 2475
1 1
1 2
2600 2601
1 1
2 2
1 2
1 2
2636 2636
2472 2472
2659 2659
2822 2823
7 8
1 1
1 2
1 1
2 2
1 2
2 2
1 2
2 2
1 1
3 4
1 2
0 2
2629 2630
2 2
2 2
3 3
1 2
4 4
4 4
2615 2615
1 2
2 2
1 1
1 1
1 2
2 3
1 1
2607 2607
7 7
1 2
1 1
0 1
0 1
0 2
1 1
4 5
2474 2474
1 1
2 2
1 2
1 1
2 2
2 2
2525 2525
4 4
0 1
2399 2399
2 2
1 2
2 2
1 1
1 1
1 1
2366 2367
2 2
2 2
1 2
1 1
1 2
2359 2360
1 1
2456 2456
1 2
1 2
2671 2672
1 2
1 2
1 2
2650 2650
2665 2666
1 1
1 2
1 1
1 3
3 3
1 2
2 2
2 2
1 2
1 2
3 3
1 1
2692 2692
1 1
1 1
1 2
1 2
3 4
2626 2627
2 3
1 2
2 3
1 1
2512 2512
7 9
1 1
2604 2604
2564 2565
9 9
6 6
2 2
4 4
3 3
1 2
2 2
1 1
2 2
2558 2558
2 2
2 2
1 1
1 1
2 3
1 1
2 3
1 2
0 2
1 1
2594 2595
1 2
2472 2472
1 1
1 2
1 1
1 1
2804 2804
1 1
2776 2776
1 2
2590 2590
3 3
4 4
5 5
3 3
2646 2646
1 2
1 1
2741 2741
2 2
1 1
1 2
2685 2685
2 2
1 1
2740 2741
1 1
2 2
1 2
1 1
2 2
2618 2620
1 1
1 1
0 1
1 1
2 2
1 2
1 1
1 1
2 3
1 1
2 2
3 3
4 4
2 2
2 2
4 4
1 2
1 2
1 2
1 2
1 2
1 2
1 2
2 3
2474 2474
1 2
1 1
3 3
2469 2469
1 2
1 2
1 1
2521 2521
1 2
1 2
2430 2430
2471 2471
9 9
1 2
2684 2684
1 1
1 1
1 2
1 2
2 3
3 4
1 1
1 2
3 3
1 2
1 1
1 1
2 2
1 2
2 2
1 2
0 0
1 1
1 1
1 1
1 1
2589 2590
2405 2405
1 1
2 2
1 1
2 2
1 1
4 5
2 2
1 2
1 1
2555 2556
1 1
1 2
1 1
0 2
1 1
0 2
2 2
1 1
1 2
1 2
1 1
2248 2249
2529 2530
1 1
1 2
1 1
1 1
2538 2538
1 2
2509 2510
1 2
1 2
2590 2590
1 2
2 2
1 2
2 2
1 2
2700 2700
2651 2651
2 2
2 3
1 1
2731 2731
2 2
1 1
2 2
1 1
2639 2639
2620 2620
2668 2669
2 2
3 4
5 5
2 2
0 2
1 1
2344 2345
1 1
2 3
2 2
2 2
1 2
2 3
2259 2260
2105 2106
1 1
1 1
0 0
3 3
1 2
2 2
3 4
2 2
0 2
1982 1982
1 1
3 3
2008 2009
1 1
1 1
2 2
2093 2094
1 2
1 1
1 1
2073 2073
1 2
3 3
3 3
4 4
4 4
1 1
3 3
4 4
2 2
1 1
1902 1902
1904 1904
1579 1579
1550 1551
1 1
2 3
2 3
3 3
4 4
5 5
6 6
8 9
1187 1188
3 3
3 3
5 5
7 7
7 8
5 5
6 7
12 12
13 13
2 2
1 1
8 8
5 5
35 36
588 588
1 2
2 2
8 8
1 2
1 1
0 2
1 1
1 2
1 2
1 2
1 1
1 2
1 2
1 1
1 1
1 1
1 2
1 2
1 2
2416 2416
1 2
2611 2611
1 2
1 1
2764 2764
2789 2790
1 1
1 1
2705 2705
2747 2748
8 10
1 2
2 2
2841 2842
2785 2785
2 2
2 2
3 3
4 5
0 0
1 2
2 2
2854 2855
1 2
1 1
1 2
0 2
0 2
1 1
1 1
1 1
1 2
1 1
1 2
1 2
2685 2686
2 2
1 1
2 2
1 1
1 2
1 2
1 2
2460 2462
1 1
0 0
1 2
1 1
2472 2473
2502 2503
2412 2412
2499 2500
2288 2288
2467 2468
2 2
1 1
2 5
5 6
7 7
9 9
1 1
2292 2292
2 2
1 1
2 2
3 3
1 2
2 2
1 2
1 1
1 1
2 2
1696 1698
2 2
4 4
0 2
8 8
10 10
1 1
3 3
1 2
2 2
1 2
5 5
0 2
1 1
1538 1539
1498 1498
1 1
3 3
1669 1669
1 1
1 1
1 1
1 2
1 1
1 1
2 2
1 1
2 2
4 4
2 2
1 1
2 2
2024 2024
2085 2086
2046 2047
1 2
2 3
19 20
1884 1884
1948 1948
12 12
2 2
19 19
1631 1631
1 1
1 1
1800 1801
2 2
2 2
2 2
22 22
1 2
3 4
4 4
3 4
1 3
5 6
24 25
1 1
1 2
1 1
1 2
2 2
1 1
1 2
1 2
1 2
0 2
1 2
2164 2165
2178 2179
1 2
1 1
1 1
1 1
2313 2313
1 1
1 2
1 2
2 2
0 2
2540 2542
2565 2565
1 2
1 1
2 3
1 2
1 2
1 2
0 2
1 2
1 1
0 2
2630 2631
2691 2691
2748 2748
1 1
1 1
2634 2634
2 2
1 1
1 1
2 2
2 3
2805 2806
2 3
1 3
1 2
1 1
1 2
1 1
2616 2617
2740 2740
2677 2678
1 1
2 2
3 3
4 4
1 1
2 2
1 1
3 3
2 3
3 3
2452 2452
0 2
1 2
0 2
2618 2619
2576 2576
1 1
1 2
1 2
2505 2506
1 1
1 1
1 1
2445 2446
2 2
3 3
0 2
2 2
2402 2402
1 2
1 2
1 2
2668 2668
2658 2659
2 2
1 2
2 2
2 2
1 2
2878 2878
2862 2862
1 3
3 3
1 3
3 3
2887 2887
1 1
16 17
2825 2825
2858 2858
2655 2656
2784 2784
2705 2707
1 1
3 3
8 8
8 8
1 2
1 2
2 2
1 2
1 3
3 3
2 2
3 3
3 3
1 1
1 1
1 1
2 2
2 3
3 3
1 1
1 2
1 1
1 2
1 1
1 1
0 2
1 1
2274 2274
2559 2560
2 2
2 2
2 2
2702 2702
2717 2717
2709 2711
2710 2711
2724 2724
2723 2723
2 2
8 8
13 13
11 12
1 2
1 1
1 1
2 2
2609 2610
2544 2545
1702 1702
1 1
2 2
3 3
1 2
1 1
1 2
0 2
2 2
1 2
1 1
1 2
1521 1521
820 821
1 1
3 4
1 1
0 2
1 1
7 8
11 12
641 642
1 1
2 3
3 3
4 4
1 1
2 3
3 3
1 1
568 569
2 2
3 3
3 3
1 1
3 3
5 5
6 6
6 6
1 2
1 2
3 3
4 4
5 5
10 10
1 1
2 2
1 1
4 4
7 7
1 1
1 1
3 3
1 1
1185 1185
1 1
2 2
3 3
3 3
2 3
5 5
5 5
6 6
7 7
1498 1498
1518 1519
1520 1520
2 2
3 3
3 4
2 2
2 3
6 6
4 4
7 8
1236 1236
1250 1250
2 2
3 3
4 4
3 4
4 4
4 4
13 13
17 17
1 2
2 2
5 6
2 2
2 2
1 1
1 1
2 2
1 2
7 7
1 1
2 2
2 2
1 1
1 1
1 1
2 3
1 1
2 2
1 1
2 2
2 2
3 3
1 2
2 3
2 2
3 3
2 2
2 2
0 0
1 1
0 2
2 2
2 2
1 2
2 2
2 2
2 2
2 2
2 2
2168 2168
2372 2373
2495 2496
2575 2575
2603 2604
2 2
1 1
2 2
1 2
1 2
2623 2623
3 3
3 4
4 4
1 2
3 3
5 5
1 2
2 2
2 2
2 2
1 1
2 2
1 1
3 3
4 4
2642 2642
1 2
2 2
4 4
1 1
2620 2621
2683 2683
0 2
5 5
1 1
5 5
1 2
1 2
1 2
2676 2676
1 1
1 2
1 2
1 2
2 2
1 2
1 2
2 2
2 2
2 2
1 1
2 2
1 2
2 2
2429 2429
2 2
1 1
2 2
2 2
2 2
1 1
1 2
2 2
1 2
2580 2580
2 2
1 2
1 2
2434 2434
2741 2742
2772 2772
2706 2706
5 5
1 2
2760 2760
2 2
2743 2744
2 2
1 1
1 1
1 2
1 2
1 1
2750 2751
6 6
2769 2770
2 2
2782 2782
2 2
2887 2887
1 1
1 1
1 2
1 1
1 2
2689 2689
1 2
1 1
2 2
2 2
1 1
1 1
1 1
2 2
2682 2682
1 2
2639 2641
2880 2881
2 2
2 2
2866 2868
1 1
1 1
2851 2851
1 1
2745 2745
2 2
1 1
1 1
1 1
2 2
1 1
2 2
1 2
1 1
4 4
1 1
1 1
1 1
1 2
1 1
1 1
1 2
2 2
1 1
1 1
1 1
1 2
2 2
2 2
2 2
1 2
1 1
1 2
1 2
1 2
1 1
2407 2407
3 3
2 2
2614 2615
2506 2506
2408 2408
1 1
2 3
2 2
2208 2208
2354 2354
1 1
2 2
1 1
1 1
2 2
1 1
2250 2251
1 1
2 2
3 3
1 2
1 1
3 3
2227 2227
1 2
2 3
7 7
2 2
1 1
1 1
2137 2137
2131 2132
1980 1980
8 9
9 9
5 5
2073 2073
1 2
3 3
1 1
1712 1712
1877 1877
1 2
3 4
15 16
2 16
2 2
2 2
1 1
1 2
1 1
1 2
1818 1818
2 2
2 3
1 1
2 3
1 1
2032 2032
2049 2049
2 2
2116 2117
1 1
2241 2242
1 2
1 2
2476 2476
2644 2644
1 1
1 1
2 2
2 2
1 2
1 2
2597 2597
1 2
1 2
2723 2724
1 2
2881 2882
1 2
1 2
2 2
2753 2754
1 2
1 2
2766 2766
1 2
2804 2804
1 1
3 3
2872 2873
2 2
2 2
1 1
2 2
1 1
1 2
2 2
2749 2749
1 2
1 4
1 1
1 2
2 2
1 1
1 1
4 5
2 2
2 2
1 1
2642 2642
1 2
2 2
2597 2597
2 2
2721 2722
1 2
1 2
0 2
2 3
1 2
2645 2645
1 2
1 2
2697 2697
1 2
1 2
1 1
1 1
1 1
2696 2697
1 1
1 2
2 2
2660 2661
2 2
3 3
1 2
3 4
4 4
1 1
2610 2612
1 2
1 1
2768 2769
1 1
1 1
1 1
2561 2562
1 1
3 3
1 1
3 3
3 3
1 1
1 2
2660 2660
1 2
2593 2594
1 2
2754 2755
2795 2796
1 2
2763 2764
1 2
1 2
2754 2755
1 2
1 2
1 2
3 3
0 2
1 1
2783 2784
3 3
2855 2856
2 2
1 2
1 2
1 1
3 3
1 1
2962 2962
2841 2842
1 1
1 1
2 2
3 3
1 1
2 2
2 2
2 2
2734 2734
2 2
1 1
1 2
2670 2670
1 2
1 1
2 2
1 1
2 2
2602 2602
2546 2546
1 2
1 2
1 1
2 2
3 3
1 1
2 2
2566 2567
2512 2512
2563 2564
1 1
2 2
3 3
3 3
1 2
2372 2373
2349 2349
2371 2371
1 1
2 2
4 4
1 1
15 16
1 5
2193 2194
2250 2250
4 4
4 5
1 1
2 2
7 7
2 2
2 2
1 1
1 2
1 1
1925 1925
1957 1957
1955 1956
1976 1977
1685 1685
1720 1720
2 2
4 4
4 4
4 6
1 1
1 2
6 7
1 2
1 2
2 2
3 3
1 2
1 1
2 2
1 2
2 2
2 2
2018 2018
1 2
1 1
2079 2079
1 2
1 2
1 2
1 1
1 2
2687 2688
2691 2691
2630 2630
1 1
2 2
2732 2733
1 1
2770 2771
2 2
1 3
2 2
2 2
2 2
3 3
1 2
3 3
5 6
2 2
3 3
4 4
2 2
3 3
1 1
2655 2655
1 2
2 3
5 5
1 1
2 2
3 3
3 3
4 4
1 2
2 4
1 1
2649 2649
1 1
1 1
2700 2700
1 2
2 2
1 1
2 2
2542 2542
1 2
2 2
2569 2570
2 2
2508 2508
2 2
2773 2773
1 2
2949 2949
2926 2927
2 2
1 2
2948 2948
1 1
1 1
2962 2962
2923 2923
1 1
1 1
2943 2944
2 2
1 1
1 2
2 2
1 2
1 1
1 2
0 2
1 2
1 2
1 1
1 2
1 2
2831 2831
2737 2738
2 2
1 2
2 2
2 2
2833 2833
2636 2636
1 2
3 3
1 1
2 2
2 2
2719 2719
2797 2797
2808 2809
8 9
2 2
3 3
1 1
2 2
2 2
2 2
2892 2892
0 2
1 1
1 2
1 2
1 2
2718 2718
1 1
1 1
2893 2895
2700 2700
1 2
1 2
2 2
1 1
2 2
2 2
0 2
1 2
2 2
1 1
1 1
1 2
1 1
4 5
1 1
2697 2697
0 2
1 1
1 2
0 2
2 2
1 2
0 1
1 2
2460 2460
1 1
2 2
1 2
2731 2731
1 1
1 1
1 1
1 1
1 1
1 1
1 2
1 2
2394 2394
1 1
2 2
2 2
2 2
2617 2617
2401 2402
1 1
2 2
2 2
2 2
2 2
2 2
2 2
2 2
2 2
2875 2876
2709 2710
1 1
0 2
1 1
2728 2729
2 2
1 2
2 2
1 1
1 1
2 2
1 1
2436 2436
1 1
2851 2851
1 2
1 1
1 2
1 1
2820 2821
1 1
2 2
1 2
0 2
1 1
1 1
1 1
1 1
2844 2844
1 1
2760 2761
2653 2653
1 2
0 1
1 2
1 2
1 2
1 1
1 2
1 2
1 1
1 2
2838 2838
3 3
2612 2612
2735 2735
2823 2824
2918 2919
2758 2759
2 2
2 2
2 2
2902 2902
1 2
2730 2731
1 2
3004 3005
2951 2951
2883 2884
12 13
2 2
2882 2882
2 2
2 2
1 2
2 2
1 1
1 2
2879 2879
2903 2903
1 1
1 2
0 0
2 2
2 2
1 1
1 2
1 1
2 2
2 2
2833 2834
1 1
1 2
2 3
1 2
3 3
4 4
1 1
6 7
1 2
1 2
3 3
2 2
2 2
1 2
3 3
2594 2594
1 2
2 3
1 1
5 5
0 2
1 1
1 2
2 2
2773 2773
1 2
2566 2567
1 1
2 2
2 3
2 2
1 2
1 1
0 2
0 2
2473 2473
1 2
1 2
1 2
2 2
1 2
2509 2509
2 3
2 2
2 2
2515 2516
1 2
1 1
2567 2567
1 1
2 2
2 2
2796 2797
1 1
2 2
2 2
2 2
2 2
1 1
1 2
2 2
2677 2677
2679 2679
2 2
3 3
3 3
0 1
2630 2630
1 1
2725 2725
2744 2745
1 1
2727 2728
1 2
1 1
1 1
2805 2805
0 2
3 3
1 2
2 2
2691 2692
1 1
1 1
1 2
1 2
1 2
1 2
0 2
1 2
1 2
2690 2691
1 1
3 3
1 1
2713 2713
2745 2746
1 1
1 1
2728 2729
2 2
2 2
1 1
1 1
1 1
2818 2819
2 2
2 2
2 2
2783 2783
1 2
2 2
2626 2627
1 2
2793 2793
1 1
1 1
1 2
2746 2746
3 3
1 2
1 2
2682 2683
2745 2745
1 1
2840 2842
2 2
2 2
2812 2813
10 10
1 1
2848 2848
1 2
2 2
1 1
1 1
1 1
2 2
1 2
2 2
1 2
2723 2723
2735 2735
1 1
1 2
1 1
1 1
2 2
2 2
2 2
1 2
1 1
2 2
1 2
1 1
1 2
2555 2555
1 1
2683 2684
1 2
1 1
3 3
1 2
1 2
1 1
1 1
1 1
2400 2401
2538 2539
3 3
1 2
1 2
1 1
1 2
2664 2666
2677 2677
2 2
1 1
2 2
1 1
2689 2689
2 2
2720 2721
1 2
2 2
1 1
0 2
1 1
1 1
1 1
1 1
1 1
1 1
1 2
1 2
1 1
1 2
2 3
1 1
1 1
1 2
2504 2504
16 16
1 1
1 2
1 1
1 1
1 1
1 1
1 1
2479 2479
2592 2592
2 2
1 1
2 2
1 1
1 1
1 1
1 2
1 1
1 1
2412 2413
1 1
2583 2584
2616 2616
12 12
1 1
2 2
1 2
1 2
1 2
1 1
1 2
2 2
2392 2392
2 3
2 2
2606 2606
1 2
1 1
1 2
2595 2595
2 2
1 1
1 2
1 2
2717 2717
2670 2670
2704 2704
4 4
2 2
2 2
1 1
1 2
2 2
0 1
2 2
1 2
1 1
2 2
1 1
2 2
1 2
2 2
1 1
2631 2631
2666 2666
1 2
1 1
1 1
1 1
1 1
1 1
2536 2538
2 2
1 2
0 2
1 1
4 4
6 6
2 2
3 3
2 2
2 2
1 2
2 2
1 2
2 2
2 2
1 1
3 3
3 3
2565 2565
2 2
1 1
2 2
2 2
1 2
2 3
2 2
1 2
2 2
2513 2513
2 2
1 1
1 1
1 2
1 1
1 1
1 1
3 3
1 1
1 1
2476 2477
0 2
2535 2535
2406 2406
1 2
3 3
2 2
2 2
1 2
2 2
1 2
2511 2511
2487 2487
2569 2569
9 9
9 10
2 2
3 3
2 2
2 3
2 2
3 3
2 2
2 2
2547 2547
3 3
2 2
2761 2761
1 1
2774 2775
1 1
1 1
1 1
2 2
2567 2567
7 7
1 2
1 1
2 2
1 3
1 2
2 2
2722 2722
1 1
2 3
2 3
2 2
2 2
2 2
1 1
1 1
2537 2537
1 2
1 2
1 2
2556 2556
2 2
2532 2532
21 21
1 1
1 2
2 2
2 2
2712 2712
2529 2530
2519 2519
2745 2745
1 1
2825 2826
2823 2823
2738 2739
1 2
2808 2809
2 2
2872 2873
1 1
1 1
1 1
2 2
2801 2801
2 2
2 2
2 2
2 2
3 3
1 1
2 2
1 1
2757 2757
1 1
1 2
2721 2722
1 2
1 1
1 2
1 1
1 2
2 2
3 3
2 2
2 4
4 4
2629 2630
2 2
2 3
3 3
1 1
1 1
1 1
2 2
1 1
2 2
2 3
2 2
2541 2543
1 2
2 4
1 2
1 2
1 2
2514 2514
1 2
2589 2590
2 2
1 1
2568 2568
2 2
1 1
1 1
2 2
2 3
1 1
1 2
2 2
2452 2452
2 2
1 2
2 2
1 1
1 1
2591 2591
12 13
2 2
2 2
2 2
1 2
2704 2704
2611 2611
2771 2771
2723 2724
1 1
1 1
1 3
2 3
3 3
1 2
1 2
2 2
1 1
1 1
3 3
1 1
1 1
3 3
2 2
1 2
2602 2613
2 2
1 2
3 3
2 2
2 2
2 3
1 1
3 3
1 1
1 1
2529 2529
2394 2394
1 1
1 1
1 1
2 2
2417 2419
0 2
3 3
1 1
2 2
1 2
3 3
5 5
1 2
1 2
2587 2588
1 2
1 1
2244 2244
1 2
2 2
1 2
1 2
2650 2650
2 2
1 2
2 2
1 1
2789 2790
1 1
1 2
2 2
2709 2709
1 1
1 1
1 1
2637 2637
1 2
0 2
2791 2791
1 2
2612 2612
1 1
1 2
1 1
0 2
1 1
1 2
1 1
1 2
2 2
2 3
1 2
2855 2855
0 2
2 2
2653 2654
2 2
1 3
2 2
3 3
2 2
2 3
3 3
4 4
4 4
2 2
4 5
1 1
1 2
1 1
1 1
2700 2701
3 3
2597 2598
1 2
1 2
2 2
2525 2525
2638 2638
2 2
2570 2571
1 1
1 1
1 2
1 2
1 1
1 2
2 2
2691 2692
1 1
1 2
5 6
1 2
1 2
1 2
3 3
1 1
2635 2636
1 2
1 1
2835 2836
9 9
1 2
1 1
1 2
2 2
2928 2929
1 1
1 2
1 1
1 1
1 2
1 1
2788 2788
1 1
1 1
0 2
1 1
0 2
2548 2548
2547 2548
1 1
0 1
1 2
1 1
1 2
1 1
1 1
1 2
2650 2651
2 2
2 2
1 2
1 1
2671 2671
2 2
2 2
2646 2646
2 2
2 3
1 1
3 3
1 1
2 2
2 2
2612 2612
2 2
1 2
1 2
2508 2509
2561 2561
2555 2555
1 2
2 2
1 1
1 1
1 2
1 1
1 1
1 2
2640 2640
1 1
1 2
2 2
4 4
1 2
4 4
2 2
2732 2732
2648 2648
1 1
1 1
1 2
1 1
1 1
2 2
2 2
3 4
1 3
4 4
2 2
2 2
1 1
2 2
1 1
2533 2533
2 2
2 2
1 1
2558 2558
1 2
1 1
2582 2582
2742 2742
2624 2625
1 2
2 2
1 2
2 2
13 14
14 19
1 2
2 3
2502 2502
0 1
3 3
1 2
2 2
3 3
2 2
1 1
2382 2383
1 1
1 1
1 2
1 1
2659 2659
1 2
1 2
1 2
2701 2701
2630 2631
1 2
1 1
2 3
2 2
2 2
6 6
1 1
1 1
1 1
1 2
1 1
0 2
2658 2658
1 2
1 1
1 2
0 2
1 2
1 2
1 1
1 2
2714 2714
2588 2589
5 6
1 1
2 2
1 2
2 2
1 2
2 2
6 6
1 2
1 1
1 2
2568 2568
1 2
1 2
1 2
2754 2754
2702 2702
2 2
2 2
3 3
1 1
1 1
2 2
2 3
0 2
2441 2442
1 2
9 9
1 1
1 1
1 1
1 1
1 1
1 1
1 1
1 1
3 3
3 4
1 2
2 3
2 2
1 1
1 2
2 3
5 5
1 1
2613 2614
2547 2547
1 2
2425 2425
3 3
1 1
3 3
2 2
1 2
1 2
2 2
2247 2247
2 2
2 2
1 2
2 2
1 1
2520 2521
1 2
1 2
1 2
1 2
1 2
1 1
1 2
1 2
1 2
1 1
1 1
2768 2769
1 2
2735 2736
1 1
2721 2721
1 2
1 1
1 2
1 2
1 2
1 2
1 2
1 1
2746 2747
1 1
1 2
2748 2748
2 2
2 2
2699 2699
2 2
3 3
2 4
2779 2779
2 2
1 1
2662 2662
2 2
1 2
1 2
2 2
1 2
1 2
2 2
2 2
2624 2624
2 2
1 1
2 2
1 2
2 2
1 1
1 1
2 2
2 2
2 2
2 2
2 3
1 1
1 1
1 1
1 1
1 1
2620 2620
2644 2644
1 1
2 2
2569 2570
2 2
3 3
2601 2601
3 3
2 2
1 1
5 5
6 7
1 2
2 2
3 3
15 16
21 21
2 2
2 2
1 2
12 12
2686 2686
2 2
1 1
1 1
1 1
1 1
1 2
2 2
21 21
1 1
1 2
2 2
1 2
1 2
2598 2599
1 1
1 1
1 2
2892 2892
1 1
3 3
3 3
1 1
3 3
4 4
1 2
3 3
1 1
1 2
5 5
1 2
1 2
1 2
2 2
2837 2837
0 2
1 1
1 1
1 2
0 2
1 2
1 2
1 1
1 2
2880 2880
4 4
2759 2759
3 3
0 2
1 2
2 3
1 1
1 1
2 3
1 1
1 2
0 1
1 1
0 2
2774 2774
2 2
1 2
2841 2841
2591 2591
2584 2584
1 1
2630 2632
1 2
1 2
1 2
2776 2776
1 2
1 1
0 2
1 1
2700 2700
1 1
1 1
2 2
1 1
1 1
1 2
2 2
1 1
2 2
2 3
3 3
2 2
3 4
1 1
1 1
1 2
1 1
2 3
2 2
2 2
1 2
2 2
2636 2638
0 2
2 3
2541 2542
2 2
3 3
3 3
1 1
1 2
3 3
2651 2651
1 2
1 1
2 2
2 2
1 2
1 1
2 2
2 2
2519 2520
1 1
1 2
1 1
1 1
2415 2416
1 1
1 1
1 1
2 2
2248 2248
1 2
1 2
2353 2354
2 2
1 2
1 2
1 1
2373 2373
2767 2768
2808 2809
2 2
1 2
2 2
2801 2801
1 1
1 2
1 1
1 1
2823 2823
2809 2810
2834 2834
1 1
2850 2851
1 2
1 1
1 1
1 1
1 2
2772 2772
1 1
6 6
1 1
1 2
1 1
3 3
3 3
4 4
2 2
2694 2694
4 4
5 6
7 7
8 8
2 2
3 3
4 4
8 8
2 2
2 2
2 4
0 2
1 1
1 2
1 1
1 2
2 2
0 1
0 1
1 1
1 1
1 2
1 2
2 2
1 1
2 2
1 1
1 1
3 3
2304 2304
1 2
2 2
1 1
1 1
1 2
3 3
1 2
2299 2300
1 2
2341 2343
2636 2637
1 1
2 2
2652 2652
2 2
1 1
1 2
1 2
2749 2750
1 1
2 2
2694 2694
1 2
2 2
3 4
2 2
2 2
2664 2664
2 2
2 2
1 2
2 2
2 2
2 2
2 2
2768 2768
2 2
2 2
1 1
2 2
2614 2614
1 2
2 2
2 2
2 2
2667 2667
1 2
1 2
1 1
2 2
1 1
2592 2593
1 2
1 1
2576 2576
1 1
1 2
2 2
2626 2626
1 2
1 1
2 3
2747 2747
1 1
2721 2722
2 2
1 1
2757 2757
2 2
1 2
1 1
1 1
2820 2820
2 2
1 2
1 1
2793 2793
1 2
1 1
2690 2691
1 1
1 2
1 2
1 1
2803 2803
1 2
1 1
1 1
1 2
1 1
1 1
2662 2662
3 3
1 1
1 1
3 3
1 1
2 2
2661 2661
1 1
1 1
2 2
1 2
0 2
0 2
1 1
2709 2710
1 1
2628 2628
1 2
1 1
1 2
2 2
2624 2625
15 15
2698 2698
2709 2709
2 2
2 2
1 2
2 2
2719 2719
1 1
2 2
3 3
0 1
1 2
3 3
2 2
2 2
2638 2638
1 1
2 2
1 1
0 2
1 1
1 1
1 2
3 3
1 1
2 3
3 3
1 1
1 1
2 2
1 2
2 3
0 1
1 2
3 3
0 2
3 3
2592 2592
2688 2688
1 2
1 1
1 2
5 5
1 1
2584 2586
1 1
1 2
1 2
1 1
1 2
1 2
2 2
2469 2469
1 1
1 1
2446 2446
2 2
2522 2522
1 1
0 1
1 2
1 1
1 2
2548 2548
1 1
2657 2657
1 1
2 2
1 1
2752 2752
1 2
2804 2805
2 2
2 2
1 1
2 2
1 1
1 1
2 2
2822 2822
1 1
2 2
1 1
1 1
1 1
2682 2683
4 4
1 1
2 2
1 1
2 2
3 4
3 3
2 2
3 3
2695 2697
1 2
1 2
2558 2558
1 2
1 1
0 2
2640 2640
1 1
2656 2656
2 2
4 4
1 1
2 2
1 1
1 1
1 1
0 1
1 2
1 1
1 1
2635 2635
1 1
1 1
2 2
1 1
1 2
2650 2651
1 1
2731 2732
1 2
2695 2695
2 3
2797 2797
1 1
0 2
1 1
3 3
4 4
1 1
3 3
2631 2632
2 3
2713 2713
1 2
2691 2691
5 5
1 1
1 1
1 2
1 2
1 2
2767 2768
4 4
2 2
1 1
1 1
1 1
2768 2768
2 2
2 3
2 2
2 2
2 3
2667 2668
1 2
1 1
2 3
3 3
3 3
2 2
3 3
4 5
2 2
5 5
1 2
1 2
1 2
1 1
2 2
2 2
2 2
1 1
2 3
2487 2487
1 2
2 2
2 3
2531 2531
2 2
2 2
2 2
1 2
2654 2655
2620 2620
2492 2492
1 1
1 1
2564 2564
2 2
1 2
1 2
1 1
1 1
2 2
2 2
2 2
3 3
5 6
2 2
1 2
2 2
1 1
2 2
0 2
1 2
2 2
1 2
1 1
1 1
1 1
2 2
2 2
1 2
2508 2508
1 1
3 3
1 1
0 2
1 1
2628 2628
1 1
1 1
2617 2618
2 2
2 2
1 1
1 2
1 1
2 2
2 2
2 2
1 1
2 2
2315 2315
2549 2549
2 2
1 2
1 2
1 2
2479 2479
1 2
2586 2586
2 2
2599 2599
1 2
2 4
2 2
2 2
1 1
2 2
2 2
2 2
2 2
2 2
2763 2763
13 13
2 2
2 2
2760 2760
2835 2835
2727 2727
1 1
2791 2791
2771 2771
2 2
4 4
1 1
2 3
4 4
2 2
3 3
1 1
1 1
5 5
1 1
1 2
1 2
2 2
1 2
1 2
2604 2604
1 1
2 2
2562 2563
1 2
1 1
1 2
2 3
2659 2659
1 2
1 2
2 2
2 2
1 1
1 1
2 2
1 1
1 1
1 2
2639 2639
2561 2562
1 2
2 2
3 3
1 2
2 2
2 2
1 1
2655 2655
1 1
3 3
1 1
2 2
2455 2456
1 1
1 1
5 5
2 2
1 1
2 3
1 1
2 2
2476 2477
2601 2602
2282 2282
2106 2107
1581 1581
894 894